diff olddata/cg.d newdata/cg.d
63c63
<                Q   0  .070 SAME   0  .122   0  .070 SAME   0  .122
---
>                Q   0  .039 SAME   0  .128   0  .039 SAME   0  .128
65,73c65,73
<                Q   0  .106 SAME   0 1.024   0  .106 SAME   0 1.024
<   20    1  20  L   0  .680 SAME   0  .132   0  .680 SAME   0  .132    tttttttttttttttttttt
<                Q   0  .022 SAME   0  .122   0  .022 SAME   0  .122
<    3    1   3  L   0  .026 SAME   0  .030   0  .026 SAME   0  .030    ttt
<                Q   0  .033 SAME   0  .047   0  .033 SAME   0  .047
<    3    1   3  L   0  .025 SAME   0  .056   0  .025 SAME   0  .056    ttt
<                Q   0  .049 SAME   0  .082   0  .049 SAME   0  .082
<    4    1   4  L   0  .028 SAME   0  .106   0  .028 SAME   0  .106    tttt
<                Q   0  .071 SAME   0  .113   0  .071 SAME   0  .113
---
>                Q   0  .082 SAME   0  .743   0  .082 SAME   0  .743
>   20    1  20  L   0  .631 SAME   0  .114   0  .631 SAME   0  .114    tttttttttttttttttttt
>                Q   0  .023 SAME   0  .125   0  .023 SAME   0  .125
>    3    1   3  L   0  .012 SAME   0  .024   0  .012 SAME   0  .024    ttt
>                Q   0  .034 SAME   0  .049   0  .034 SAME   0  .049
>    3    1   3  L   0  .025 SAME   0  .044   0  .025 SAME   0  .044    ttt
>                Q   0  .107 SAME   0  .162   0  .107 SAME   0  .162
>    4    1   4  L   0  .028 SAME   0  .101   0  .028 SAME   0  .101    tttt
>                Q   0  .069 SAME   0  .303   0  .069 SAME   0  .303
75c75
<                Q   0  .039 SAME   0  .139   0  .039 SAME   0  .139
---
>                Q   0  .037 SAME   0  .115   0  .037 SAME   0  .115
77c77
<                Q   0  .000 SAME   0  .001   0  .019 SAME   0  .021
---
>                Q   0  .001 SAME   0  .000   0  .010 SAME   0  .013
diff olddata/ch.d newdata/ch.d
46,49c46,49
<    5  0  .071  .014  0  .075  .000 -1.e+30  1.e+30  5  0  .057  0  .057  0  .057  1  5  0  .057
<    3  0  .058  .024  0  .045  .000 -1.e+30  1.e+30  3  0  .069  0  .060  0  .060  1  3  0  .060
<    8  0  .021  .040  0  .024  .000 -1.e+30  1.e+30  8  0  .059  0  .020  0  .020  1  8  0  .020
<    8  0  .012  .019  0  .012  .000 -1.e+30  1.e+30  8  0  .022  0  .025  0  .025  1  8  0  .025
---
>    5  0  .068  .025  0  .060  .000 -1.e+30  1.e+30  5  0  .050  0  .045  0  .045  1  5  0  .045
>    3  0  .078  .047  0  .072  .000 -1.e+30  1.e+30  3  0  .069  0  .069  0  .069  1  3  0  .069
>    8  0  .032  .048  0  .029  .000 -1.e+30  1.e+30  8  0  .085  0  .026  0  .026  1  8  0  .026
>    8  0  .014  .019  0  .007  .000 -1.e+30  1.e+30  8  0  .022  0  .025  0  .025  1  8  0  .025
51c51
<    5  0  .066  .034  0  .051  .000 -1.e+30  1.e+30  5  0  .058  0  .058  0  .058  1  5  0  .058
---
>    5  0  .076  .068  0  .057  .000 -1.e+30  1.e+30  5  0  .051  0  .058  0  .058  1  5  0  .058
53,54c53,54
<    5  0  .019  .035  0  .020  .000 -1.e+30  1.e+30  5  0  .025  0  .033  0  .033  1  5  0  .033
<    4  0  .038  .031  0  .032  .000 -1.e+30  1.e+30  4  0  .023  0  .057  0  .057  1  4  0  .057
---
>    5  0  .026  .033  0  .014  .000 -1.e+30  1.e+30  5  0  .028  0  .028  0  .028  1  5  0  .028
>    4  0  .060  .062  0  .046  .000 -1.e+30  1.e+30  4  0  .052  0  .046  0  .046  1  4  0  .046
diff olddata/rl.d newdata/rl.d
28,39c28,39
<    5   2   5   0    .015   0    .034
<    2   3   2   0    .030   0    .026
<    3   3   3   0    .058   0    .056
<    4   4   4   0    .040   0    .050
<    1   4   1   0    .009   0    .009
<    6   6   6   0    .029   0    .030
<    6   5   6   0    .035   0    .034
<    8   8   8   0    .013   0    .016
<    8   8   8   0    .023   0    .027
<   20  19  20   0    .050   0    .068
<   20  20  20   0    .013   0    .012
<    1   2   1   0    .031   0    .031
---
>    5   2   5   0    .046   0    .068
>    2   3   2   0    .035   0    .014
>    3   3   3   0    .093   0    .089
>    4   4   4   0    .063   0    .058
>    1   4   1   0    .022   0    .022
>    6   6   6   0    .034   0    .034
>    6   5   6   0    .033   0    .038
>    8   8   8   0    .017   0    .019
>    8   8   8   0    .018   0    .022
>   20  19  20   0    .066   0    .062
>   20  20  20   0    .010   0    .012
>    1   2   1   0    .010   0    .010
41,42c41,42
<    8   5   8   0    .020   0    .020
<   15   5  15   0    .016   0    .017
---
>    8   5   8   0    .036   0    .037
>   15   5  15   0    .027   0    .029
diff olddata/rs.d newdata/rs.d
47,53c47,53
<    3  0  .017  .020  0  .020  .000 -1.e+30  1.e+30  3  0  .024  0  .030  0  .030  1  3  0  .030
<    8  0  .020  .013  0  .021  .000 -1.e+30  1.e+30  8  0  .030  0  .040  0  .040  1  8  0  .040
<   15  0  .040  .037  0  .023  .000 -1.e+30  1.e+30 15  0  .128  0  .022  0  .022  1 15  0  .022
<   20  0  .031  .013  0  .030  .000 -1.e+30  1.e+30 20  0  .181  0  .063  0  .063  1 20  0  .063
<    4  0  .010  .015  0  .016  .000 -1.e+30  1.e+30  4  0  .051  0  .051  0  .051  1  4  0  .051
<   12  0  .023  .028  0  .020  .000 -1.e+30  1.e+30 12  0  .079  0  .042  0  .042  1 12  0  .042
<    5  0  .019  .026  0  .020  .000 -1.e+30  1.e+30  5  0  .038  0  .015  0  .015  1  5  0  .015
---
>    3  0  .014  .020  0  .026  .000 -1.e+30  1.e+30  3  0  .017  0  .030  0  .030  1  3  0  .030
>    8  0  .025  .019  0  .025  .000 -1.e+30  1.e+30  8  0  .073  0  .032  0  .032  1  8  0  .032
>   15  0  .039  .048  0  .025  .000 -1.e+30  1.e+30 15  0  .095  0  .023  0  .023  1 15  0  .023
>   20  0  .038  .027  0  .028  .000 -1.e+30  1.e+30 20  0  .336  0  .133  0  .134  1 20  0  .134
>    4  0  .018  .029  0  .018  .000 -1.e+30  1.e+30  4  0  .041  0  .041  0  .041  1  4  0  .041
>   12  0  .021  .020  0  .018  .000 -1.e+30  1.e+30 12  0  .086  0  .032  0  .032  1 12  0  .032
>    5  0  .024  .026  0  .016  .000 -1.e+30  1.e+30  5  0  .028  0  .015  0  .015  1  5  0  .015
55c55
<    6  0  .010  .011  0  .006  .000 -1.e+30  1.e+30  6  0  .033  0  .033  0  .033  1  6  0  .033
---
>    6  0  .010  .011  0  .006  .000 -1.e+30  1.e+30  6  0  .031  0  .031  0  .031  1  6  0  .031
59,67c59,67
<    3  0  .020  .044  0  .012  .000 -1.e+30  1.e+30  3  0  .067  0  .067  0  .067  1  3  0  .067
<    5  0  .067  .034  0  .056  .000 -1.e+30  1.e+30  5  0  .057  0  .057  0  .057  1  5  0  .057
<    8  0  .018  .021  0  .029  .000 -1.e+30  1.e+30  8  0  .025  0  .033  0  .033  1  8  0  .033
<    3  0  .074  .075  0  .043  .000 -1.e+30  1.e+30  3  0  .072  0  .106  0  .106  1  3  0  .106
<    4  0  .020  .002  0  .021  .000 -1.e+30  1.e+30  4  0  .019  0  .045  0  .045  1  4  0  .045
<    6  0  .030  .011  0  .022  .000 -1.e+30  1.e+30  6  0  .029  0  .029  0  .029  1  6  0  .029
<    8  0  .014  .001  0  .014  .000 -1.e+30  1.e+30  8  0  .007  0  .021  0  .021  1  8  0  .021
<    4  0  .032  .017  0  .056  .000 -1.e+30  1.e+30  4  0  .113  0  .046  0  .046  1  4  0  .046
<    5  0  .046  .010  0  .045  .000 -1.e+30  1.e+30  5  0  .051  0  .066  0  .066  1  5  0  .066
---
>    3  0  .020  .044  0  .012  .000 -1.e+30  1.e+30  3  0  .063  0  .063  0  .063  1  3  0  .063
>    5  0  .055  .034  0  .053  .000 -1.e+30  1.e+30  5  0  .052  0  .052  0  .052  1  5  0  .052
>    8  0  .030  .011  0  .023  .000 -1.e+30  1.e+30  8  0  .074  0  .033  0  .033  1  8  0  .033
>    3  0  .049  .058  0  .038  .000 -1.e+30  1.e+30  3  0  .106  0  .106  0  .106  1  3  0  .106
>    4  0  .010  .015  0  .035  .000 -1.e+30  1.e+30  4  0  .043  0  .043  0  .043  1  4  0  .043
>    6  0  .030  .011  0  .035  .000 -1.e+30  1.e+30  6  0  .053  0  .026  0  .026  1  6  0  .026
>    8  0  .016  .001  0  .016  .000 -1.e+30  1.e+30  8  0  .007  0  .022  0  .022  1  8  0  .022
>    4  0  .041  .017  0  .059  .000 -1.e+30  1.e+30  4  0  .112  0  .046  0  .046  1  4  0  .046
>    5  0  .038  .029  0  .046  .000 -1.e+30  1.e+30  5  0  .045  0  .070  0  .070  1  5  0  .070
diff olddata/rsb.d newdata/rsb.d
47,54c47,54
<    3    3  0  .017  .020  0  .022  .000 -1.e+30  1.e+30  3  0  .082  0  .067 1  3  0  .067  0  .147
<    4    4  0  .023  .024  0  .026  .000 -1.e+30  1.e+30  4  0  .130  0  .074 1  4  0  .074  0  .573
<    5    5  0  .017  .010  0  .015  .000 -1.e+30  1.e+30  5  0  .044  0  .044 1  5  0  .044  0  .340
<    7    3  0  .042  .031  0  .015  .000 -1.e+30  1.e+30  7  0  .049  0  .072 1  7  0  .072  0  .610
<   44    4  0  .027  .021  0  .021  .000 -1.e+30  1.e+30 44  0  .878  0  .344 1 44  0  .344  0 4.265
<   30    4  0  .014  .014  0  .027  .000 -1.e+30  1.e+30 30  0  .555  0  .363 1 30  0  .363  0 5.394
<    3    2  0  .016  .049  0  .015  .000 -1.e+30  1.e+30  3  0  .092  0  .092 1  3  0  .092  0  .531
<   12    5  0  .010  .014  0  .014  .000 -1.e+30  1.e+30 12  0 2.420  0  .132 1 12  0  .132  0 1.871
---
>    3    3  0  .038  .040  0  .012  .000 -1.e+30  1.e+30  3  0  .067  0  .067 1  3  0  .067  0  .154
>    4    4  0  .027  .040  0  .032  .000 -1.e+30  1.e+30  4  0  .040  0  .095 1  4  0  .095  0  .577
>    5    5  0  .026  .021  0  .029  .000 -1.e+30  1.e+30  5  0  .110  0  .044 1  5  0  .044  0  .340
>    7    3  0  .028  .023  0  .025  .000 -1.e+30  1.e+30  7  0  .096  0  .072 1  7  0  .072  0  .610
>   44    4  0  .019  .013  0  .022  .000 -1.e+30  1.e+30 44  0  .981  0  .344 1 44  0  .344  0 4.265
>   30    4  0  .026  .014  0  .025  .000 -1.e+30  1.e+30 30  0  .374  0  .363 1 30  0  .363  0 5.393
>    3    2  0  .013  .020  0  .020  .000 -1.e+30  1.e+30  3  0  .075  0  .095 1  3  0  .095  0  .531
>   12    5  0  .021  .014  0  .024  .000 -1.e+30  1.e+30 12  0  .387  0  .133 1 12  0  .133  0 1.871
diff olddata/rsg.d newdata/rsg.d
46,55c46,55
<    3  0  .070  .021  0  .064  .000 -1.e+30  1.e+30  3  0  .057  0  .050  0  .050  1  3  0  .050
<    8  0  .126  .002  0  .161  .000 -1.e+30  1.e+30  8  0  .154  0  .223  0  .223  1  8  0  .223
<   15  0  .043  .034  0  .027  .000 -1.e+30  1.e+30 15  0  .098  0  .107  0  .107  1 15  0  .107
<   20  0  .036  .038  0  .025  .000 -1.e+30  1.e+30 20  0  .182  0  .063  0  .059  1 20  0  .059
<    4  0  .030  .000  0  .030  .000 -1.e+30  1.e+30  4  0  .030  0  .085  0  .085  1  4  0  .085
<   12  0  .031  .015  0  .036  .000 -1.e+30  1.e+30 12  0  .085  0  .046  0  .046  1 12  0  .046
<    5  0  .022  .029  0  .022  .000 -1.e+30  1.e+30  5  0  .032  0  .030  0  .030  1  5  0  .030
<   10  0  .070  .009  0  .058  .000 -1.e+30  1.e+30 10  0  .107  0  .079  0  .079  1 10  0  .079
<    6  0  .040  .014  0  .058  .000 -1.e+30  1.e+30  6  0  .106  0  .051  0  .051  1  6  0  .051
<    5  0  .070  .014  0  .041  .000 -1.e+30  1.e+30  5  0  .092  0  .073  0  .073  1  5  0  .073
---
>    3  0  .069  .042  0  .069  .000 -1.e+30  1.e+30  3  0  .052  0  .052  0  .052  1  3  0  .052
>    8  0  .126  .003  0  .161  .000 -1.e+30  1.e+30  8  0  .161  0  .228  0  .228  1  8  0  .228
>   15  0  .050  .024  0  .040  .000 -1.e+30  1.e+30 15  0  .125  0  .104  0  .104  1 15  0  .104
>   20  0  .031  .030  0  .036  .000 -1.e+30  1.e+30 20  0  .132  0  .045  0  .045  1 20  0  .045
>    4  0  .063  .014  0  .043  .000 -1.e+30  1.e+30  4  0  .043  0  .088  0  .088  1  4  0  .088
>   12  0  .035  .010  0  .036  .000 -1.e+30  1.e+30 12  0  .108  0  .108  0  .108  1 12  0  .108
>    5  0  .019  .015  0  .025  .000 -1.e+30  1.e+30  5  0  .052  0  .033  0  .033  1  5  0  .033
>   10  0  .068  .023  0  .062  .000 -1.e+30  1.e+30 10  0  .165  0  .110  0  .110  1 10  0  .110
>    6  0  .053  .014  0  .050  .000 -1.e+30  1.e+30  6  0  .055  0  .070  0  .070  1  6  0  .070
>    5  0  .065  .014  0  .036  .000 -1.e+30  1.e+30  5  0  .057  0  .111  0  .111  1  5  0  .111
57,66c57,66
<   20  0  .037  .009  0  .032  .000 -1.e+30  1.e+30 20  0  .162  0  .110  0  .110  1 20  0  .110
<    3  0  .133  .019  0  .092  .000 -1.e+30  1.e+30  3  0  .113  0  .141  0  .141  1  3  0  .141
<    5  0  .038  .011  0  .033  .000 -1.e+30  1.e+30  5  0  .026  0  .026  0  .026  1  5  0  .026
<    8  0  .044  .007  0  .035  .000 -1.e+30  1.e+30  8  0  .052  0  .073  0  .073  1  8  0  .073
<    3  0  .071  .042  0  .056  .000 -1.e+30  1.e+30  3  0  .060  0  .025  0  .025  1  3  0  .025
<    4  0  .018  .011  0  .018  .000 -1.e+30  1.e+30  4  0  .016  0  .016  0  .016  1  4  0  .016
<    6  0  .083  .033  0  .081  .000 -1.e+30  1.e+30  6  0  .131  0  .070  0  .070  1  6  0  .070
<    8  0  .015  .001  0  .015  .000 -1.e+30  1.e+30  8  0  .015 35  .000  6  .016  1  8  6  .016
<    4  0  .055  .000  0  .055  .000 -1.e+30  1.e+30  4  0  .070  0  .129  0  .129  1  4  0  .129
<    5  0  .031  .007  0  .028  .000 -1.e+30  1.e+30  5  0  .037  0  .047  0  .047  1  5  0  .047
---
>   20  0  .050  .006  0  .040  .000 -1.e+30  1.e+30 20  0  .160  0  .117  0  .117  1 20  0  .117
>    3  0  .149  .056  0  .092  .000 -1.e+30  1.e+30  3  0  .113  0  .141  0  .141  1  3  0  .141
>    5  0  .024  .034  0  .029  .000 -1.e+30  1.e+30  5  0  .026  0  .026  0  .026  1  5  0  .026
>    8  0  .034  .003  0  .049  .000 -1.e+30  1.e+30  8  0  .049  0  .073  0  .073  1  8  0  .073
>    3  0  .051  .084  0  .049  .000 -1.e+30  1.e+30  3  0  .077  0  .043  0  .043  1  3  0  .043
>    4  0  .020  .001  0  .018  .000 -1.e+30  1.e+30  4  0  .016  0  .016  0  .016  1  4  0  .016
>    6  0  .149  .065  0  .066  .000 -1.e+30  1.e+30  6  0  .111  0  .055  0  .055  1  6  0  .055
>    8  0  .015  .001  0  .015  .000 -1.e+30  1.e+30  8  0  .011  0  .017  0  .017  1  8  0  .017
>    4  0  .051  .018  0  .060  .000 -1.e+30  1.e+30  4  0  .076  0  .129  0  .129  1  4  0  .129
>    5  0  .031  .020  0  .041  .000 -1.e+30  1.e+30  5  0  .042  0  .042  0  .042  1  5  0  .042
diff olddata/rsgab.d newdata/rsgab.d
46,55c46,55
<    3  0  .024  .043  0  .028  .000 -1.e+30  1.e+30  3  0  .030  0  .030  0  .030  1  3  0  .030
<    8  0  .027  .039  0  .029  .000 -1.e+30  1.e+30  8  0  .149  0  .024  0  .024  1  8  0  .024
<   15  0  .024  .044  0  .018  .000 -1.e+30  1.e+30 15  0  .054  0  .021  0  .021  1 15  0  .021
<   20  0  .018  .019  0  .017  .000 -1.e+30  1.e+30 20  0  .059  0  .021  0  .021  1 20  0  .021
<    4  0  .075  .042  0  .082  .000 -1.e+30  1.e+30  4  0  .199  0  .101  0  .101  1  4  0  .101
<   12  0  .026  .020  0  .026  .000 -1.e+30  1.e+30 12  0  .074  0  .015  0  .015  1 12  0  .015
<    5  0  .036  .024  0  .040  .000 -1.e+30  1.e+30  5  0  .023  0  .023  0  .023  1  5  0  .023
<   10  0  .029  .023  0  .025  .000 -1.e+30  1.e+30 10  0  .123  0  .040  0  .040  1 10  0  .040
<    6  0  .042  .007  0  .031  .000 -1.e+30  1.e+30  6  0  .051  0  .051  0  .051  1  6  0  .051
<    5  0  .033  .014  0  .052  .000 -1.e+30  1.e+30  5  0  .056  0  .068  0  .068  1  5  0  .068
---
>    3  0  .030  .058  0  .029  .000 -1.e+30  1.e+30  3  0  .033  0  .033  0  .033  1  3  0  .033
>    8  0  .029  .047  0  .060  .000 -1.e+30  1.e+30  8  0  .103  0  .031  0  .031  1  8  0  .031
>   15  0  .031  .047  0  .018  .000 -1.e+30  1.e+30 15  0  .121  0  .030  0  .030  1 15  0  .030
>   20  0  .031  .044  0  .017  .000 -1.e+30  1.e+30 20  0  .095  0  .032  0  .032  1 20  0  .032
>    4  0  .066  .021  0  .069  .000 -1.e+30  1.e+30  4  0  .223  0  .097  0  .097  1  4  0  .097
>   12  0  .018  .027  0  .019  .000 -1.e+30  1.e+30 12  0  .061  0  .021  0  .021  1 12  0  .021
>    5  0  .039  .041  0  .027  .000 -1.e+30  1.e+30  5  0  .034  0  .014  0  .014  1  5  0  .014
>   10  0  .032  .011  0  .040  .000 -1.e+30  1.e+30 10  0  .162  0  .029  0  .029  1 10  0  .029
>    6  0  .070  .059  0  .029  .000 -1.e+30  1.e+30  6  0  .064  0  .058  0  .058  1  6  0  .058
>    5  0  .055  .022  0  .072  .000 -1.e+30  1.e+30  5  0  .068  0  .068  0  .068  1  5  0  .068
57,66c57,66
<   20  0  .015  .025  0  .022  .000 -1.e+30  1.e+30 20  0  .071  0  .015  0  .015  1 20  0  .015
<    3  0  .098  .007  0  .063  .000 -1.e+30  1.e+30  3  0  .066  0  .075  0  .075  1  3  0  .075
<    5  0  .009  .038  0  .012  .000 -1.e+30  1.e+30  5  0  .031  0  .023  0  .023  1  5  0  .023
<    8  0  .030  .059  0  .020  .000 -1.e+30  1.e+30  8  0  .079  0  .039  0  .039  1  8  0  .039
<    3  0  .039  .054  0  .051  .000 -1.e+30  1.e+30  3  0  .047  0  .047  0  .047  1  3  0  .047
<    4  0  .078  .021  0  .066  .000 -1.e+30  1.e+30  4  0  .048  0  .087  0  .087  1  4  0  .087
<    6  0  .029  .020  0  .025  .000 -1.e+30  1.e+30  6  0  .047  0  .027  0  .027  1  6  0  .027
<    8  0  .085  .002  0  .087  .000 -1.e+30  1.e+30  8  0  .111  0  .111  0  .111  1  8  0  .111
<    4  0  .032  .023  0  .062  .000 -1.e+30  1.e+30  4  0  .185  0  .185  0  .185  1  4  0  .185
<    5  0  .032  .021  0  .031  .000 -1.e+30  1.e+30  5  0  .040  0  .040  0  .040  1  5  0  .040
---
>   20  0  .019  .022  0  .029  .000 -1.e+30  1.e+30 20  0  .212  0  .021  0  .021  1 20  0  .021
>    3  0  .091  .015  0  .056  .000 -1.e+30  1.e+30  3  0  .069  0  .075  0  .075  1  3  0  .075
>    5  0  .034  .050  0  .047  .000 -1.e+30  1.e+30  5  0  .053  0  .023  0  .023  1  5  0  .023
>    8  0  .037  .042  0  .021  .000 -1.e+30  1.e+30  8  0  .044  0  .029  0  .029  1  8  0  .029
>    3  0  .045  .024  0  .029  .000 -1.e+30  1.e+30  3  0  .045  0  .025  0  .025  1  3  0  .025
>    4  0  .067  .021  0  .063  .000 -1.e+30  1.e+30  4  0  .047  0  .095  0  .095  1  4  0  .095
>    6  0  .037  .060  0  .033  .000 -1.e+30  1.e+30  6  0  .041  0  .040  0  .040  1  6  0  .040
>    8  0  .087  .002  0  .087  .000 -1.e+30  1.e+30  8  0  .116  0  .116  0  .116  1  8  0  .116
>    4  0  .065  .046  0  .098  .000 -1.e+30  1.e+30  4  0  .351  0  .227  0  .227  1  4  0  .227
>    5  0  .044  .021  0  .062  .000 -1.e+30  1.e+30  5  0  .137  0  .046  0  .046  1  5  0  .046
diff olddata/rsgba.d newdata/rsgba.d
46,55c46,55
<    3  0  .024  .043  0  .024  .000 -1.e+30  1.e+30  3  0  .034  0  .034  0  .034  1  3  0  .034
<    8  0  .021  .039  0  .029  .000 -1.e+30  1.e+30  8  0  .040  0  .018  0  .018  1  8  0  .018
<   15  0  .020  .044  0  .014  .000 -1.e+30  1.e+30 15  0  .062  0  .016  0  .016  1 15  0  .016
<   20  0  .018  .019  0  .017  .000 -1.e+30  1.e+30 20  0  .036  0  .042  0  .042  1 20  0  .042
<    4  0  .060  .042  0  .051  .000 -1.e+30  1.e+30  4  0  .088  0  .039  0  .039  1  4  0  .039
<   12  0  .024  .020  0  .020  .000 -1.e+30  1.e+30 12  0  .095  0  .020  0  .020  1 12  0  .020
<    5  0  .037  .024  0  .040  .000 -1.e+30  1.e+30  5  0  .029  0  .034  0  .034  1  5  0  .034
<   10  0  .031  .023  0  .025  .000 -1.e+30  1.e+30 10  0  .068  0  .034  0  .034  1 10  0  .034
<    6  0  .031  .007  0  .032  .000 -1.e+30  1.e+30  6  0  .033  0  .033  0  .033  1  6  0  .033
<    5  0  .036  .014  0  .048  .000 -1.e+30  1.e+30  5  0  .081  0  .054  0  .054  1  5  0  .054
---
>    3  0  .034  .058  0  .029  .000 -1.e+30  1.e+30  3  0  .043  0  .043  0  .043  1  3  0  .043
>    8  0  .029  .047  0  .024  .000 -1.e+30  1.e+30  8  0  .055  0  .019  0  .019  1  8  0  .019
>   15  0  .030  .047  0  .018  .000 -1.e+30  1.e+30 15  0  .087  0  .031  0  .031  1 15  0  .031
>   20  0  .031  .044  0  .020  .000 -1.e+30  1.e+30 20  0  .087  0  .074  0  .073  1 20  0  .073
>    4  0  .050  .021  0  .051  .000 -1.e+30  1.e+30  4  0  .071  0  .040  0  .040  1  4  0  .040
>   12  0  .014  .027  0  .015  .000 -1.e+30  1.e+30 12  0  .076  0  .020  0  .020  1 12  0  .020
>    5  0  .041  .041  0  .026  .000 -1.e+30  1.e+30  5  0  .030  0  .019  0  .019  1  5  0  .019
>   10  0  .035  .011  0  .041  .000 -1.e+30  1.e+30 10  0  .132  0  .030  0  .030  1 10  0  .030
>    6  0  .071  .059  0  .023  .000 -1.e+30  1.e+30  6  0  .036  0  .032  0  .032  1  6  0  .032
>    5  0  .044  .022  0  .060  .000 -1.e+30  1.e+30  5  0  .060  0  .054  0  .054  1  5  0  .054
57,66c57,66
<   20  0  .016  .025  0  .014  .000 -1.e+30  1.e+30 20  0  .048  0  .017  0  .017  1 20  0  .017
<    3  0  .089  .007  0  .054  .000 -1.e+30  1.e+30  3  0  .054  0  .059  0  .059  1  3  0  .059
<    5  0  .016  .038  0  .015  .000 -1.e+30  1.e+30  5  0  .034  0  .018  0  .018  1  5  0  .018
<    8  0  .028  .059  0  .014  .000 -1.e+30  1.e+30  8  0  .031  0  .030  0  .030  1  8  0  .030
<    3  0  .034  .054  0  .042  .000 -1.e+30  1.e+30  3  0  .046  0  .046  0  .046  1  3  0  .046
<    4  0  .038  .021  0  .038  .000 -1.e+30  1.e+30  4  0  .052  0  .053  0  .053  1  4  0  .053
<    6  0  .033  .020  0  .037  .000 -1.e+30  1.e+30  6  0  .037  0  .029  0  .029  1  6  0  .029
<    8  0  .022  .002  0  .022  .000 -1.e+30  1.e+30  8  0  .024  0  .024  0  .031  1  8  0  .031
<    4  0  .061  .023  0  .075  .000 -1.e+30  1.e+30  4  0  .054  0  .066  0  .066  1  4  0  .066
<    5  0  .035  .021  0  .027  .000 -1.e+30  1.e+30  5  0  .039  0  .039  0  .039  1  5  0  .039
---
>   20  0  .017  .022  0  .018  .000 -1.e+30  1.e+30 20  0  .099  0  .023  0  .023  1 20  0  .023
>    3  0  .089  .015  0  .052  .000 -1.e+30  1.e+30  3  0  .053  0  .059  0  .059  1  3  0  .059
>    5  0  .029  .050  0  .043  .000 -1.e+30  1.e+30  5  0  .044  0  .018  0  .018  1  5  0  .018
>    8  0  .022  .042  0  .014  .000 -1.e+30  1.e+30  8  0  .044  0  .013  0  .013  1  8  0  .013
>    3  0  .051  .024  0  .034  .000 -1.e+30  1.e+30  3  0  .025  0  .025  0  .025  1  3  0  .025
>    4  0  .035  .021  0  .035  .000 -1.e+30  1.e+30  4  0  .053  0  .056  0  .056  1  4  0  .056
>    6  0  .033  .060  0  .042  .000 -1.e+30  1.e+30  6  0  .048  0  .047  0  .047  1  6  0  .047
>    8  0  .022  .002  0  .022  .000 -1.e+30  1.e+30  8  0  .023  0  .029  0  .033  1  8  0  .033
>    4  0  .052  .046  0  .054  .000 -1.e+30  1.e+30  4  0  .169  0  .064  0  .064  1  4  0  .064
>    5  0  .051  .021  0  .059  .000 -1.e+30  1.e+30  5  0  .109  0  .051  0  .051  1  5  0  .051
diff olddata/rsp.d newdata/rsp.d
46,52c46,52
<    3  0  .019  .020  0  .020  .000 -1.e+30  1.e+30  3  0  .030  0  .029  0  .029  1  3  0  .029
<    8  0  .021  .013  0  .019  .000 -1.e+30  1.e+30  8  0  .035  0  .040  0  .040  1  8  0  .040
<   15  0  .039  .037  0  .025  .000 -1.e+30  1.e+30 15  0  .127  0  .022  0  .022  1 15  0  .022
<   20  0  .031  .013  0  .031  .000 -1.e+30  1.e+30 20  0  .184  0  .064  0  .065  1 20  0  .065
<    4  0  .032  .015  0  .032  .000 -1.e+30  1.e+30  4  0  .057  0  .057  0  .057  1  4  0  .057
<   12  0  .023  .028  0  .018  .000 -1.e+30  1.e+30 12  0  .078  0  .043  0  .043  1 12  0  .043
<    5  0  .020  .026  0  .017  .000 -1.e+30  1.e+30  5  0  .036  0  .011  0  .011  1  5  0  .011
---
>    3  0  .021  .020  0  .017  .000 -1.e+30  1.e+30  3  0  .026  0  .029  0  .029  1  3  0  .029
>    8  0  .021  .036  0  .018  .000 -1.e+30  1.e+30  8  0  .054  0  .040  0  .040  1  8  0  .040
>   15  0  .046  .037  0  .053  .000 -1.e+30  1.e+30 15  0  .244  0  .022  0  .022  1 15  0  .022
>   20  0  .048  .037  0  .031  .000 -1.e+30  1.e+30 20  0 1.998  0  .066  0  .067  1 20  0  .067
>    4  0  .029  .029  0  .024  .000 -1.e+30  1.e+30  4  0  .057  0  .057  0  .057  1  4  0  .057
>   12  0  .025  .029  0  .022  .000 -1.e+30  1.e+30 12  0  .081  0  .043  0  .043  1 12  0  .043
>    5  0  .014  .031  0  .017  .000 -1.e+30  1.e+30  5  0  .029  0  .012  0  .012  1  5  0  .012
54c54
<    6  0  .014  .011  0  .010  .000 -1.e+30  1.e+30  6  0  .037  0  .037  0  .037  1  6  0  .037
---
>    6  0  .014  .011  0  .010  .000 -1.e+30  1.e+30  6  0  .043  0  .043  0  .043  1  6  0  .043
58,66c58,66
<    3  0  .027  .044  0  .020  .000 -1.e+30  1.e+30  3  0  .075  0  .075  0  .075  1  3  0  .075
<    5  0  .072  .034  0  .056  .000 -1.e+30  1.e+30  5  0  .061  0  .061  0  .061  1  5  0  .061
<    8  0  .050  .021  0  .022  .000 -1.e+30  1.e+30  8  0  .035  0  .033  0  .033  1  8  0  .033
<    3  0  .079  .075  0  .048  .000 -1.e+30  1.e+30  3  0  .084  0  .125  0  .125  1  3  0  .125
<    4  0  .010  .002  0  .010  .000 -1.e+30  1.e+30  4  0  .023  0  .051  0  .051  1  4  0  .051
<    6  0  .016  .014  0  .021  .000 -1.e+30  1.e+30  6  0  .042  0  .042  0  .042  1  6  0  .042
<    8  0  .012  .001  0  .012  .000 -1.e+30  1.e+30  8  0  .008  0  .026  0  .026  1  8  0  .026
<    4  0  .024  .017  0  .056  .000 -1.e+30  1.e+30  4  0  .109  0  .046  0  .046  1  4  0  .046
<    5  0  .044  .010  0  .046  .000 -1.e+30  1.e+30  5  0  .051  0  .060  0  .060  1  5  0  .060
---
>    3  0  .027  .044  0  .020  .000 -1.e+30  1.e+30  3  0  .086  0  .086  0  .086  1  3  0  .086
>    5  0  .062  .034  0  .051  .000 -1.e+30  1.e+30  5  0  .064  0  .064  0  .064  1  5  0  .064
>    8  0  .038  .011  0  .030  .000 -1.e+30  1.e+30  8  0  .086  0  .038  0  .038  1  8  0  .038
>    3  0  .061  .058  0  .058  .000 -1.e+30  1.e+30  3  0  .125  0  .125  0  .125  1  3  0  .125
>    4  0  .011  .002  0  .019  .000 -1.e+30  1.e+30  4  0  .051  0  .051  0  .051  1  4  0  .051
>    6  0  .016  .014  0  .037  .000 -1.e+30  1.e+30  6  0  .053  0  .026  0  .026  1  6  0  .026
>    8  0  .012  .001  0  .012  .000 -1.e+30  1.e+30  8  0  .008  0  .024  0  .024  1  8  0  .024
>    4  0  .041  .017  0  .056  .000 -1.e+30  1.e+30  4  0  .112  0  .046  0  .046  1  4  0  .046
>    5  0  .057  .019  0  .055  .000 -1.e+30  1.e+30  5  0  .056  0  .056  0  .056  1  5  0  .056
diff olddata/rst.d newdata/rst.d
46c46
<    3  0  .016  .000  0  .020  .000 -1.e+30  1.e+30  3  0  .042  0  .027  0  .027  1  3  0  .072
---
>    3  0  .017  .000  0  .024  .000 -1.e+30  1.e+30  3  0  .014  0  .034  0  .034  1  3  0  .071
48,50c48,50
<    3  0  .016  .000  0  .015  .000 -1.e+30  1.e+30  3  0  .066  0  .066  0  .066  1  3  0  .045
<    4  0  .027  .000  0  .048  .000 -1.e+30  1.e+30  4  0  .055  0  .055  0  .055  1  4  0  .073
<   10  0  .013  .000  0  .016  .000 -1.e+30  1.e+30 10  0  .114  0  .028  0  .028  1 10  0  .236
---
>    3  0  .013  .000  0  .020  .000 -1.e+30  1.e+30  3  0  .049  0  .066  0  .066  1  3  0  .049
>    4  0  .034  .000  0  .034  .000 -1.e+30  1.e+30  4  0  .056  0  .056  0  .056  1  4  0  .073
>   10  0  .026  .000  0  .028  .000 -1.e+30  1.e+30 10  0  .226  0  .028  0  .028  1 10  0  .236
diff olddata/rt.d newdata/rt.d
46,48c46,48
<    6  0  .051  .070  0  .038  .000 -1.e+30  1.e+30  6  0  .125  0  .026  0  .026  1  6  0  .026
<   15  0  .055  .038  0  .035  .000 -1.e+30  1.e+30 15  0  .433  0  .131  0  .131  1 15  0  .131
<   10  0  .031  .036  0  .049  .000 -1.e+30  1.e+30 10  0  .050  0  .105  0  .105  1 10  0  .105
---
>    6  0  .086  .082  0  .051  .000 -1.e+30  1.e+30  6  0  .095  0  .026  0  .026  1  6  0  .026
>   15  0  .053  .057  0  .063  .000 -1.e+30  1.e+30 15  0  .903  0  .131  0  .131  1 15  0  .131
>   10  0  .088  .089  0  .060  .000 -1.e+30  1.e+30 10 10  .255  0  .105  0  .105  1 10  0  .105
