     8            0    real general matrix                              m3440001
         611         196        -192         407          -8         -52m3440002
         -49          29                                                m3440003
         196         899         113        -192         -71         -43m3440004
          -8         -44                                                m3440005
        -192         113         899         196          61          49m3440006
           8          52                                                m3440007
         407        -192         196         611           8          44m3440008
          59         -23                                                m3440009
          -8         -71          61           8         411        -599m3440010
         208         208                                                m3440011
         -52         -43          49          44        -599         411m3440012
         208         208                                                m3440013
         -49          -8           8          59         208         208m3440014
          99        -911                                                m3440015
          29         -44          52         -23         208         208m3440016
        -911          99                                                m3440017
     6            0    real general matrix                              m3440018
  1000000000  1000000000  1000000000  1000000000  1000000000  1000000000m3440019
   500000000   333333333   250000000   200000000   166666667   142857143m3440020
   333333333   250000000   200000000   166666667   142857143   125000000m3440021
   250000000   200000000   166666667   142857143   125000000   111111111m3440022
   200000000   166666667   142857143   125000000   111111111   100000000m3440023
   166666667   142857143   125000000   111111111   100000000   090909091m3440024
     5           0    real general matrix                               m3440025
          15          11           6          -9         -15            m3440026
           1           3           9          -3          -8            m3440027
           7           6           6          -3         -11            m3440028
           7           7           5          -3         -11            m3440029
          17          12           5         -10         -16            m3440030
    12           0    real general matrix                               m3440031
          12          11          10           9           8           7m3440032
           6           5           4           3           2           1m3440033
          11          11          10           9           8           7m3440034
           6           5           4           3           2           1m3440035
          10          10          10           9           8           7m3440036
           6           5           4           3           2           1m3440037
           9           9           9           9           8           7m3440038
           6           5           4           3           2           1m3440039
           8           8           8           8           8           7m3440040
           6           5           4           3           2           1m3440041
           7           7           7           7           7           7m3440042
           6           5           4           3           2           1m3440043
           6           6           6           6           6           6m3440044
           6           5           4           3           2           1m3440045
           5           5           5           5           5           5m3440046
           5           5           4           3           2           1m3440047
           4           4           4           4           4           4m3440048
           4           4           4           3           2           1m3440049
           3           3           3           3           3           3m3440050
           3           3           3           3           2           1m3440051
           2           2           2           2           2           2m3440052
           2           2           2           2           2           1m3440053
           1           1           1           1           1           1m3440054
           1           1           1           1           1           1m3440055
    10           0    real general matrix                               m3440056
    -3360147    12700259    -8759239    13758458   -15928949     8150598m3440057
    16332450   -38138100    36250338   -54402238                        m3440058
     0924120     3654401     1537060     3516663    12381154   -10155927m3440059
    -4227114    26300588   -22816599    25294184                        m3440060
    -2038193    -7472721     7589804   -12745092    28603110   -15956903m3440061
   -19868285    57290730   -49901355    66325076                        m3440062
     1033571     7357176    -0268136     7283295     4231460    -4319692m3440063
     4901481     8817744    -9691392    15311072                        m3440064
     0804793     6518376    -4381893    11555654   -17256997    13237810m3440065
    16864383   -40702516    40329048   -52764354                        m3440066
    -0956075    -4259899     3856081    -7055870    13560511    -7935016m3440067
   -10897566    30769288   -27049063    41380960                        m3440068
     0972197     6411527    -2873830    10588002    -6932121     4015466m3440069
    10674457   -14958266    13519476   -15710641                        m3440070
    -0694134    -3673931     4396381    -6105317    14598775    -6232239m3440071
    -8829453    26413007   -18396035    20760525                        m3440072
     0517619     4042981    -4207104     7115249   -13150298    10029400m3440073
    10395106   -27067685    24819163   -26414792                        m3440074
    -0165743    -0697517     0675792    -1124599     2363906    -2092270m3440075
    -1758468     5417694    -5875247    11057995                        m3440076
    15           0    real general matrix                               m3440077
      038747      026624      046397      021041      010983     -074761m3440078
     -051553     -049730     -039456     -041365     -034389     -016813m3440079
     -050316     -040743     -031954                                    m3440080
     -049239      523895      874986      518535      207320     -009747m3440081
      094918      041968     -015257     -067307     -105605     -182666m3440082
     -595834     -527558     -439963                                    m3440083
     -125005      760217     1889996      987939      812227     -065257m3440084
     -020436     -030683     -157418     -305659     -390172     -363323m3440085
    -1185925    -1044921     -863211                                    m3440086
     -175215      707955     1585904     1835031     1452154     -059161m3440087
      078513      149178      188162     -110555     -389762     -400208m3440088
    -1327062    -1183861     -979778                                    m3440089
     -176459      356979     1421590     1490020     2432634     -060822m3440090
      062926      121436      152216      225707     -285526     -358272m3440091
    -1202147    -1079850     -890416                                    m3440092
     -068786      013606     -001635      005801      001970      162836m3440093
      110162      101956      076674      075926      058807      011793m3440094
      030018      019232      011895                                    m3440095
     -070392      074578     -020029      032720      011970      147007m3440096
      696799      645055      485251      480500      372486      023216m3440097
      049257      015034     -006149                                    m3440098
     -066818      036906     -035373      066689      028893      135534m3440099
      690486     1247127      938227      929431      720265      041433m3440100
      095189      038606      002197                                    m3440101
     -056793     -007997     -190532      121047      065580      127430m3440102
      682860     1233574     1542211     1528044     1184459      070143m3440103
      178721      097822      041610                                    m3440104
     -039309     -047171     -336666     -092801      165443      125487m3440105
      675886     1220769     1526106     2189518     1698300      108178m3440106
      298506      194757      115175                                    m3440107
     -015085     -076321     -459117     -276532     -166380      129710m3440108
      670239     1209950     1512267     2169459     2369651      153437m3440109
      448574      324414      217277                                    m3440110
     -107826     -054142     -047535     -018910     -004472     -012116m3440111
     -001960     -000948      000157      001128      001869     1536234m3440112
      018473     -519690     -438975                                    m3440113
     -030063     -015101     -013276     -005304     -001304     -003369m3440114
     -000547     -000266      000042      000311      000518      285553m3440115
      108570     -144914     -122917                                    m3440116
     -010446     -005252     -004631     -001871     -000501     -001163m3440117
     -000190     -000093      000012      000105      000177     -018787m3440118
     -058126     -000932      110583                                    m3440119
     -031693     -015937     -014052     -005675     -001523     -003527m3440120
     -000578     -000284      000038      000320      000536     -057006m3440121
     -176348      012799      317581                                    m3440122
    19           0    real general matrix                               m3440123
      327015       96257     -103968       95269      -80615       53382m3440124
      -27732      -41065       48447      -59875       57718      -36830m3440125
       22474      -05976       13543      -16652       16585      -10655m3440126
       04134                                                            m3440127
      -83132      449289      -65414       56299      -42268       36342m3440128
      -14765      -40653       23603      -32086       38738      -17943m3440129
       16345      -05280       06649      -09130       11146      -05101m3440130
       03168                                                            m3440131
      -76105       32868      289464       93520      -72347       61050m3440132
      -25506      -32395       20549      -56293       67110      -29763m3440133
       29493      -05228       05720      -15381       19455      -08694m3440134
       05100                                                            m3440135
      -70234       30767     -112414      440768      -29172       33709m3440136
      -09886      -23436       21682      -50412       36493      -06883m3440137
       21856      -03016       05858      -13900       10379      -02022m3440138
       05075                                                            m3440139
      -65987       30418      -96891       26976      327132       51983m3440140
      -23233      -15325       23621      -39891       33703      -26783m3440141
       34115      -02729       06114      -11395       09157      -07653m3440142
       06664                                                            m3440143
      -57797       27217      -86775       23986      -83514      419260m3440144
      -10209      -10378       24375      -32074       31799      -28475m3440145
       19387      -00172       07378      -09994       09390      -07865m3440146
       04377                                                            m3440147
      -27469       14136      -38065       10992      -40202      -02512m3440148
      383159      -04281       11538      -13864       14772      -13669m3440149
       06819      -00858       03277      -03820       04221      -03809m3440150
       01435                                                            m3440151
           0           0           0           0           0           0m3440152
           0           0           0           0           0           0m3440153
           0      -62500           0           0           0           0m3440154
           0                                                            m3440155
           0           0           0           0           0           0m3440156
           0           0           0           0           0           0m3440157
           0           0     -125000           0           0           0m3440158
           0                                                            m3440159
           0           0           0           0           0           0m3440160
           0           0           0           0           0           0m3440161
           0           0           0     -125000           0           0m3440162
           0                                                            m3440163
           0           0           0           0           0           0m3440164
           0           0           0           0           0           0m3440165
           0           0           0           0     -125000           0m3440166
           0                                                            m3440167
           0           0           0           0           0           0m3440168
           0           0           0           0           0           0m3440169
           0           0           0           0           0     -125000m3440170
           0                                                            m3440171
           0           0           0           0           0           0m3440172
           0           0           0           0           0           0m3440173
           0           0           0           0           0           0m3440174
      -62500                                                            m3440175
       35612      -38767      -30917      -20456       07150       29432m3440176
       08462       05601       01753       01285      -02148      -01547m3440177
      -00298       35989      -00128      -00814      -01796      -00974m3440178
      -00578                                                            m3440179
       76790       05937     -107362      -43307       05457       55603m3440180
       17404       01892       07727       02762      -04595      -03402m3440181
      -01463      -01327       49619      -02333      -04361      -02376m3440182
      -01578                                                            m3440183
      -06231       88668      -20226      -94854      -21612       50196m3440184
       20195      -01027       01037       08375      -01909      -02850m3440185
      -02154      -02296      -01886       54348      -04586      -02718m3440186
      -02090                                                            m3440187
      -40789       08165       94165       27752      -95181       05267m3440188
       16257      -02437      -02731      -01989       08364       01146m3440189
      -01120      -02479      -02842      -04627       53627      -01551m3440190
      -01585                                                            m3440191
      -41822      -15755       33334      113998       04824      -90149m3440192
       03664      -01687      -03128      -04387       02491       07754m3440193
       01383      -01679      -02261      -04037      -01933       47346m3440194
      -00623                                                            m3440195
      -19129      -09877       15020       25326       47308      -40045m3440196
      -32158      -00321      -01210      -01801       01100       01507m3440197
       04787      -00443      -00743      -01317      -00450       00060m3440198
       33209                                                            m3440199
     6           0    real general matrix                               m3440200
                                                                        m3440201
                                                                        m3440202
                                                                        m3440203
                                                                        m3440204
                                                                        m3440205
                                                                        m3440206
     6           0    real general matrix                               m3440207
          10         -19          17         -12           4           1m3440208
           9         -18          17         -12           4           1m3440209
           8         -16          15         -11           4           1m3440210
           6         -12          12         -10           4           1m3440211
           4          -8           8          -6           1           2m3440212
           2          -4           4          -3           1           0m3440213
     6           0    real general matrix                               m3440214
      400000      300000      200000      100000      500000      600000m3440215
      300000      100000      400000      200000      100000      700000m3440216
                       1      600000      100000      500000      300000m3440217
                                   1      200000      500000      700000m3440218
                                          100000      200000      300000m3440219
                                                      400000      100000m3440220
     5           0    real general matrix                               m3440221
         -10         -10         -10         -10         -10            m3440222
          10           0           0           0           0            m3440223
           0          10           0           0           0            m3440224
           0           0          10           0           0            m3440225
           0           0           0          10           0            m3440226
     5           0    real general matrix                               m3440227
           0         -10         -10           0         -10            m3440228
          10           0           0           0           0            m3440229
           0          10           0           0           0            m3440230
           0           0          10           0           0            m3440231
           0           0           0          10           0            m3440232
     5           0    real general matrix                               m3440233
           0           0           0           0         -10            m3440234
          10           0           0           0           0            m3440235
           0          10           0           0         -10            m3440236
           0           0          10           0         -10            m3440237
           0           0           0          10           0            m3440238
     5           0    real general matrix                               m3440239
           0           0           0           0         -10            m3440240
          10           0           0           0          -5            m3440241
           0          10           0           0         -10            m3440242
           0           0          10           0         -10            m3440243
           0           0           0          10          -5            m3440244
     5           0    real general matrix                               m3440245
          -5         -10         -10          -5         -10            m3440246
          10           0           0           0           0            m3440247
           0          10           0           0           0            m3440248
           0           0          10           0           0            m3440249
           0           0           0          10           0            m3440250
     3           0    real general matrix                               m3440251
          10           0           0                                    m3440252
          10          10           0                                    m3440253
           0          10          10                                    m3440254
     3           0    real general matrix                               m3440255
         100           0           0                                    m3440256
          10         100           0                                    m3440257
           0          10         100                                    m3440258
     3           0    real general matrix                               m3440259
          01           0           0                                    m3440260
          10          01           0                                    m3440261
           0          10          01                                    m3440262
     4           0    real general matrix                               m3440263
         -50         -90         -70         -20                        m3440264
          10           0           0           0                        m3440265
           0          10           0           0                        m3440266
           0           0          10           0                        m3440267
     3           0    real general matrix                               m3440268
           0           0          10                                    m3440269
          10           0           0                                    m3440270
           0          10           0                                    m3440271
     4           0    real general matrix                               m3440272
           0           0           0          10                        m3440273
          10           0           0           0                        m3440274
           0          10           0           0                        m3440275
           0           0          10           0                        m3440276
     5           0    real general matrix                               m3440277
           0           0           0           0          10            m3440278
          10           0           0           0           0            m3440279
           0          10           0           0           0            m3440280
           0           0          10           0           0            m3440281
           0           0           0          10           0            m3440282
     6           0    real general matrix                               m3440283
           0           0           0           0           0          10m3440284
          10           0           0           0           0           0m3440285
           0          10           0           0           0           0m3440286
           0           0          10           0           0           0m3440287
           0           0           0          10           0           0m3440288
           0           0           0           0          10           0m3440289
     8           0    real general matrix                               m3440290
                                                                        m3440291
                       5                                                m3440292
  1000000000                                                            m3440293
                      50                                                m3440294
              1000000000                                                m3440295
                                                                        m3440296
                          1000000000                                    m3440297
                                                                        m3440298
                                      1000000000                        m3440299
                                                                        m3440300
                                                  1000000000            m3440301
                                                                        m3440302
                                                              1000000000m3440303
                                                                        m3440304
                                                                        m3440305
  1000000000                                                            m3440306
     4           0    real general matrix                               m3440307
          30          10          20          50                        m3440308
          20          10          30         -10                        m3440309
          00          40          10          10                        m3440310
          00          00          20          10                        m3440311
     3           0    real general matrix                               m3440312
          20          40          40                                    m3440313
          00          30          10                                    m3440314
          00          10          30                                    m3440315
     4           0    real general matrix                               m3440316
          20         -30          20         -10                        m3440317
          10          00          00          00                        m3440318
          00          10          00          00                        m3440319
          00          00          10          00                        m3440320
     4           0    real general matrix                               m3440321
          30          10          20          50                        m3440322
          20          10          30          70                        m3440323
          30          10          20          40                        m3440324
          40          10          30          20                        m3440325
     6           0    real general matrix                               m3440326
          11          -2          16         -30           3           0m3440327
           5           4          16         -30           3           0m3440328
           4           0          21         -30           3           0m3440329
           3           0          18         -26           3           0m3440330
           2           0          12         -16           0           0m3440331
           1           0           6          -8           1          -2m3440332
     6           0    real general matrix                               m3440333
         -49          93         -19         -30           2           2m3440334
         -50          89         -14         -30           2           2m3440335
         -40          68          -3         -30           2           2m3440336
         -30          51           0         -26           2           2m3440337
         -20          34           0         -16          -1           2m3440338
         -10          17           0          -8           0           2m3440339
     8           0    real general matrix                               m3440340
           2           3           5           7           4           3m3440341
           1           6                                                m3440342
           1           6           8           3           6           1m3440343
           5           7                                                m3440344
           2           5           3           2           8           3m3440345
           2           1                                                m3440346
           4           0           8           5           4           0m3440347
           5           4                                                m3440348
          -4          -3          -1          -6           2           3m3440349
           5           7                                                m3440350
          -6          -1          -5          -7           1           6m3440351
           8           3                                                m3440352
          -8          -3          -2          -1           2           5m3440353
           3           2                                                m3440354
          -4           0          -5          -4           4           0m3440355
           8           5                                                m3440356
     4           0    real general matrix                               m3440357
         -50          53          52          51                        m3440358
         -52           1          53          52                        m3440359
         -53           0           1          53                        m3440360
         -51          53          52          52                        m3440361
     6           0    real general matrix                               m3440362
         -41          55           4           3           2          51m3440363
          -2          10          55           4           3           2m3440364
          -3           0          10          55           4           3m3440365
          -4           0           0          10          55           4m3440366
         -55           0           0           0          10          55m3440367
         -51          55           4           3           2          61m3440368
     8           0    real general matrix                               m3440369
         -91         -94                                                m3440370
                                                                        m3440371
          95          98                                                m3440372
                                                                        m3440373
          90          99           5                                    m3440374
                                                                        m3440375
          90           0          99           6                        m3440376
                                                                        m3440377
          90           0           0          99           7            m3440378
                                                                        m3440379
          90           0           0           0          99           8m3440380
                                                                        m3440381
          90           0           0           0           0          99m3440382
           9                                                            m3440383
          99          99                                                m3440384
          99          10                                                m3440385
    10           0    real general matrix                               m3440386
           1           1           1          -2           1          -1m3440387
           2          -2           4          -3                        m3440388
          -1           2           3          -4           2          -2m3440389
           4          -4           8          -6                        m3440390
          -1           0           5          -5           3          -3m3440391
           6          -6          12          -9                        m3440392
          -1           0           3          -4           4          -4m3440393
           8          -8          16         -12                        m3440394
          -1           0           3          -6           5          -4m3440395
          10         -10          20         -15                        m3440396
          -1           0           3          -6           2          -2m3440397
          12         -12          24         -18                        m3440398
          -1           0           3          -6           2          -5m3440399
          15         -13          28         -21                        m3440400
          -1           0           3          -6           2          -5m3440401
          12         -11          32         -24                        m3440402
          -1           0           3          -6           2          -5m3440403
          12         -14          37         -26                        m3440404
          -1           0           3          -6           2          -5m3440405
          12         -14          36         -25                        m3440406
                                                                        m3440407
