     3           1 positive definite matrix                             m9440001
         153          31          58                                    m9440002
         153         -58                                                m9440003
         153                                                            m9440004
     8           1 positive definite matrix                             m9440005
         171          18          33         -21         -17          13m9440006
          25         -36                                                m9440007
         171         -21          33          13         -17         -36m9440008
          25                                                            m9440009
         171          18          25         -36         -17          13m9440010
         171         -36          25          13         -17            m9440011
         171          18          33         -21                        m9440012
         171         -21          33                                    m9440013
         171          18                                                m9440014
         171                                                            m9440015
    15           1 positive definite matrix                             m9440016
         150           1          47           1          -3          12m9440017
           0           2          22          17         -13         -22m9440018
         -14           1          26                                    m9440019
         150           1          47          12          -3           2m9440020
           0          17          22         -22         -13           1m9440021
         -14         -38                                                m9440022
         150           1           0           2          -3          12m9440023
         -13         -22          22          17          26         -38m9440024
         -14                                                            m9440025
         150           2           0          12          -3         -22m9440026
         -13          17          22         -38          26           1m9440027
         150           1          47           1         -14           1m9440028
          26         -38          22          17         -13            m9440029
         150           1          47           1         -14         -38m9440030
          26          17          22         -22                        m9440031
         150           1          26         -38         -14           1m9440032
         -13         -22          22                                    m9440033
         150         -38          26           1         -14         -22m9440034
         -13          17                                                m9440035
         150           1          47           1          -3          12m9440036
           0                                                            m9440037
         150           1          47          12          -3           2m9440038
         150           1           0           2          -3            m9440039
         150           2           0          12                        m9440040
         150           1          47                                    m9440041
         150           1                                                m9440042
         150                                                            m9440043
    20           1 positive definite matrix                             m9440044
         136           0          18         -12           0          -1m9440045
           9           5           9           1         -22         -10m9440046
         -13           0          19         -27          14           2m9440047
          29          14                                                m9440048
         136         -12          18          -1           0           5m9440049
           9           1           9         -10         -22           0m9440050
         -13         -27          19           2          14          14m9440051
          29                                                            m9440052
         136           0           9           5           0          -1m9440053
         -22         -10           9           1          19         -27m9440054
         -13           0          29          14          14           2m9440055
         136           5           9          -1           0         -10m9440056
         -22           1           9         -27          19           0m9440057
         -13          14          29           2          14            m9440058
         136           0          18         -12         -13           0m9440059
          19         -27           9           1         -22         -10m9440060
          -3          14          -9          -2                        m9440061
         136         -12          18           0         -13         -27m9440062
          19           1           9         -10         -22          14m9440063
          -3          -2          -9                                    m9440064
         136           0          19         -27         -13           0m9440065
         -22         -10           9           1          -9          -2m9440066
          -3          14                                                m9440067
         136         -27          19           0         -13         -10m9440068
         -22           1           9          -2          -9          14m9440069
          -3                                                            m9440070
         136           0          18         -12           0          -1m9440071
           9           5          13          16           9         -11m9440072
         136         -12          18          -1           0           5m9440073
           9          16          13         -11           9            m9440074
         136           0           9           5           0          -1m9440075
           9         -11          13          16                        m9440076
         136           5           9          -1           0         -11m9440077
           9          16          13                                    m9440078
         136           0          18         -12           0           2m9440079
           7         -10                                                m9440080
         136         -12          18           2           0         -10m9440081
           7                                                            m9440082
         136           0           7         -10           0           2m9440083
         136         -10           7           2           0            m9440084
         136           0          18         -12                        m9440085
         136         -12          18                                    m9440086
         136           0                                                m9440087
         136                                                            m9440088
     4           1 positive definite matrix                             m9440089
         153          31          58         -58                        m9440090
         153         -58          58                                    m9440091
         153          31                                                m9440092
         153                                                            m9440093
    12           1 positive definite matrix                             m9440094
         150           1          47           1          -3          12m9440095
           0           2          22          17         -13         -22m9440096
         150           1          47          12          -3           2m9440097
           0          17          22         -22         -13            m9440098
         150           1           0           2          -3          12m9440099
         -13         -22          22          17                        m9440100
         150           2           0          12          -3         -22m9440101
         -13          17          22                                    m9440102
         150           1          47           1         -14           1m9440103
          26         -38                                                m9440104
         150           1          47           1         -14         -38m9440105
          26                                                            m9440106
         150           1          26         -38         -14           1m9440107
         150         -38          26           1         -14            m9440108
         150           1          47           1                        m9440109
         150           1          47                                    m9440110
         150           1                                                m9440111
         150                                                            m9440112
     5           1 positive definite matrix                             m9440113
         171          18          33         -21         -17            m9440114
         171         -21          33          13                        m9440115
         171          18          25                                    m9440116
         171         -36                                                m9440117
         171                                                            m9440118
    10           1 positive definite matrix                             m9440119
         150           1          47           1          -3          12m9440120
           0           2          22          17                        m9440121
         150           1          47          12          -3           2m9440122
           0          17          22                                    m9440123
         150           1           0           2          -3          12m9440124
         -13         -22                                                m9440125
         150           2           0          12          -3         -22m9440126
         -13                                                            m9440127
         150           1          47           1         -14           1m9440128
         150           1          47           1         -14            m9440129
         150           1          26         -38                        m9440130
         150         -38          26                                    m9440131
         150           1                                                m9440132
         150                                                            m9440133
     6           1 positive definite matrix                             m9440134
         171          18          33         -21         -17          13m9440135
         171         -21          33          13         -17            m9440136
         171          18          25         -36                        m9440137
         171         -36          25                                    m9440138
         171          18                                                m9440139
         171                                                            m9440140
     5           1 positive definite matrix                             m9440141
         171          18          33         -21         -17            m9440142
         171         -21          33          13                        m9440143
         171          18          25                                    m9440144
         171         -36                                                m9440145
         171                                                            m9440146
     3           1 positive definite matrix                             m9440147
         153          31          58                                    m9440148
         153         -58                                                m9440149
         153                                                            m9440150
    20           1 positive definite matrix                             m9440151
         136           0          18         -12           0          -1m9440152
           9           5           9           1         -22         -10m9440153
         -13           0          19         -27          14           2m9440154
          29          14                                                m9440155
         136         -12          18          -1           0           5m9440156
           9           1           9         -10         -22           0m9440157
         -13         -27          19           2          14          14m9440158
          29                                                            m9440159
         136           0           9           5           0          -1m9440160
         -22         -10           9           1          19         -27m9440161
         -13           0          29          14          14           2m9440162
         136           5           9          -1           0         -10m9440163
         -22           1           9         -27          19           0m9440164
         -13          14          29           2          14            m9440165
         136           0          18         -12         -13           0m9440166
          19         -27           9           1         -22         -10m9440167
          -3          14          -9          -2                        m9440168
         136         -12          18           0         -13         -27m9440169
          19           1           9         -10         -22          14m9440170
          -3          -2          -9                                    m9440171
         136           0          19         -27         -13           0m9440172
         -22         -10           9           1          -9          -2m9440173
          -3          14                                                m9440174
         136         -27          19           0         -13         -10m9440175
         -22           1           9          -2          -9          14m9440176
          -3                                                            m9440177
         136           0          18         -12           0          -1m9440178
           9           5          13          16           9         -11m9440179
         136         -12          18          -1           0           5m9440180
           9          16          13         -11           9            m9440181
         136           0           9           5           0          -1m9440182
           9         -11          13          16                        m9440183
         136           5           9          -1           0         -11m9440184
           9          16          13                                    m9440185
         136           0          18         -12           0           2m9440186
           7         -10                                                m9440187
         136         -12          18           2           0         -10m9440188
           7                                                            m9440189
         136           0           7         -10           0           2m9440190
         136         -10           7           2           0            m9440191
         136           0          18         -12                        m9440192
         136         -12          18                                    m9440193
         136           0                                                m9440194
         136                                                            m9440195
     3           1 positive definite matrix                             m9440196
         153          31          58                                    m9440197
         153         -58                                                m9440198
         153                                                            m9440199
     5           1 positive definite matrix                             m9440200
         171          18          33         -21         -17            m9440201
         171         -21          33          13                        m9440202
         171          18          25                                    m9440203
         171         -36                                                m9440204
         171                                                            m9440205
     8           1 positive definite matrix                             m9440206
         171          18          33         -21         -17          13m9440207
          25         -36                                                m9440208
         171         -21          33          13         -17         -36m9440209
          25                                                            m9440210
         171          18          25         -36         -17          13m9440211
         171         -36          25          13         -17            m9440212
         171          18          33         -21                        m9440213
         171         -21          33                                    m9440214
         171          18                                                m9440215
         171                                                            m9440216
     3           1 positive definite matrix                             m9440217
         153          31          58                                    m9440218
         153         -58                                                m9440219
         153                                                            m9440220
     4           1 positive definite matrix                             m9440221
         153          31          58         -58                        m9440222
         153         -58          58                                    m9440223
         153          31                                                m9440224
         153                                                            m9440225
     6           1 positive definite matrix                             m9440226
         171          18          33         -21         -17          13m9440227
         171         -21          33          13         -17            m9440228
         171          18          25         -36                        m9440229
         171         -36          25                                    m9440230
         171          18                                                m9440231
         171                                                            m9440232
     8           1 positive definite matrix                             m9440233
         171          18          33         -21         -17          13m9440234
          25         -36                                                m9440235
         171         -21          33          13         -17         -36m9440236
          25                                                            m9440237
         171          18          25         -36         -17          13m9440238
         171         -36          25          13         -17            m9440239
         171          18          33         -21                        m9440240
         171         -21          33                                    m9440241
         171          18                                                m9440242
         171                                                            m9440243
     4           1 positive definite matrix                             m9440244
         153          31          58         -58                        m9440245
         153         -58          58                                    m9440246
         153          31                                                m9440247
         153                                                            m9440248
     5           0                                                      m9440249
          12           1          -1           2           1            m9440250
           1          14           1          -1           1            m9440251
          -1           1          16          -1           1            m9440252
           2          -1          -1          12          -1            m9440253
           1           1           1          -1          11            m9440254
                                                                        m9440255
