     4           5     a                                                md440001
           0           0           7          -2           0            md440002
           0          -2           7          -2          -1            md440003
           0          -2           7           0           0            md440004
          -1           0           7           0           0            md440005
     4           4     b                                                md440006
           1                                                            md440007
                       1                                                md440008
                                   1                                    md440009
                                               1                        md440010
     4           3     a                                                md440011
           0           0           7                                    md440012
           0          -2           7                                    md440013
           0          -2           7                                    md440014
          -1           0           7                                    md440015
     4           4     b                                                md440016
           1           0           0           0                        md440017
           0           1           0           0                        md440018
           0           0           1           0                        md440019
           0           0           0           1                        md440020
     3           3     a                                                md440021
           0           0           6                                    md440022
           0           4          11                                    md440023
           1           0           6                                    md440024
     3           3     b                                                md440025
           1           0           0                                    md440026
           0           1           0                                    md440027
           0           0           1                                    md440028
     3           2     a                                                md440029
           0           3                                                md440030
           2           2                                                md440031
           1           2                                                md440032
     3           3     b                                                md440033
           1           0           0                                    md440034
           0           1           0                                    md440035
           0           0           1                                    md440036
     4           4     a                                                md440037
           0           0           0           2                        md440038
           0           0           1           1                        md440039
           0           1           1           2                        md440040
           2           1           2           4                        md440041
     4           4     b                                                md440042
           1           0           0           0                        md440043
           0           1           0           0                        md440044
           0           0           1           0                        md440045
           0           0           0           1                        md440046
     5           4     a                                                md440047
           0           0           0           2                        md440048
           0           0           2           4                        md440049
           0           1           2           2                        md440050
           1           2           0           3                        md440051
           1           0           2           2                        md440052
     5           5     b                                                md440053
           1           0           0           0           0            md440054
           0           1           0           0           0            md440055
           0           0           1           0           0            md440056
           0           0           0           1           0            md440057
           0           0           0           0           1            md440058
     7           7     a                                                md440059
           0           0           0           0           0           0md440060
      360360                                                            md440061
           0           0           0           0           0      180180md440062
      120120                                                            md440063
           0           0           0           0      120120       90090md440064
       72072                                                            md440065
           0           0           0       90090       72072       60060md440066
       51480                                                            md440067
           0           0       72072       60060       51480       45045md440068
       40040                                                            md440069
           0       60060       51480       45045       40040       36036md440070
       32760                                                            md440071
       51480       45045       40040       36036       32760       30030md440072
       27720                                                            md440073
     7           7     b                                                md440074
           1           0           0           0           0           0md440075
           0                                                            md440076
           0           1           0           0           0           0md440077
           0                                                            md440078
           0           0           1           0           0           0md440079
           0                                                            md440080
           0           0           0           1           0           0md440081
           0                                                            md440082
           0           0           0           0           1           0md440083
           0                                                            md440084
           0           0           0           0           0           1md440085
           0                                                            md440086
           0           0           0           0           0           0md440087
           1                                                            md440088
     3           5     a                                                md440089
           0           0           1          -2          -3            md440090
           0         -12           1           4           0            md440091
           3          -1          -2           0           0            md440092
     3           1     b                                                md440093
         -12                                                            md440094
           2                                                            md440095
          -5                                                            md440096
     6           7     a                                                md440097
           0           0           0           6          -1           2md440098
           4                                                            md440099
           0           0           7          -2           1           2md440100
          -1                                                            md440101
           0           4          -3           2           1           6md440102
          -1                                                            md440103
           1          -2           3           3          -1           2md440104
           0                                                            md440105
           4           2           1          -5           1           0md440106
           0                                                            md440107
          -3           2           1          -2           0           0md440108
           0                                                            md440109
     6           1     b                                                md440110
          -6                                                            md440111
          -5                                                            md440112
          11                                                            md440113
         -22                                                            md440114
         -16                                                            md440115
          14                                                            md440116
                                                                        md440117
