     3     3      band symmetric matrix                                 m8440001
           6           4           1                                    m8440002
          11           0                                                m8440003
           6                                                            m8440004
     4     4      band symmetric matrix                                 m8440005
           2           1           1           2                        m8440006
           1           1           1                                    m8440007
           2           2                                                m8440008
           4                                                            m8440009
     5     5      band symmetric matrix                                 m8440010
           2           2           1           1           0            m8440011
           4           2           2           1                        m8440012
           2           0           0                                    m8440013
           3           2                                                m8440014
           2                                                            m8440015
     7     3      band symmetric matrix                                 m8440016
           5          -4           1                                    m8440017
           6          -4           1                                    m8440018
           6          -4           1                                    m8440019
           6          -4           1                                    m8440020
           6          -4           1                                    m8440021
           6          -4                                                m8440022
           5                                                            m8440023
    44     4      band symmetric matrix                                 m8440024
           5           2           1           1                        m8440025
           6           3           1           1                        m8440026
           6           3           1           1                        m8440027
           6           3           1           1                        m8440028
           6           3           1           1                        m8440029
           6           3           1           1                        m8440030
           6           3           1           1                        m8440031
           6           3           1           1                        m8440032
           6           3           1           1                        m8440033
           6           3           1           1                        m8440034
           6           3           1           1                        m8440035
           6           3           1           1                        m8440036
           6           3           1           1                        m8440037
           6           3           1           1                        m8440038
           6           3           1           1                        m8440039
           6           3           1           1                        m8440040
           6           3           1           1                        m8440041
           6           3           1           1                        m8440042
           6           3           1           1                        m8440043
           6           3           1           1                        m8440044
           6           3           1           1                        m8440045
           6           3           1           1                        m8440046
           6           3           1           1                        m8440047
           6           3           1           1                        m8440048
           6           3           1           1                        m8440049
           6           3           1           1                        m8440050
           6           3           1           1                        m8440051
           6           3           1           1                        m8440052
           6           3           1           1                        m8440053
           6           3           1           1                        m8440054
           6           3           1           1                        m8440055
           6           3           1           1                        m8440056
           6           3           1           1                        m8440057
           6           3           1           1                        m8440058
           6           3           1           1                        m8440059
           6           3           1           1                        m8440060
           6           3           1           1                        m8440061
           6           3           1           1                        m8440062
           6           3           1           1                        m8440063
           6           3           1           1                        m8440064
           6           3           1           1                        m8440065
           6           3           1                                    m8440066
           6           2                                                m8440067
           5                                                            m8440068
    30     4      band symmetric matrix                                 m8440069
          10           1           1           1                        m8440070
          10           0           0           1                        m8440071
          10           0           0           1                        m8440072
           9           0           0           1                        m8440073
           9           0           0           1                        m8440074
           9           0           0           1                        m8440075
           8           0           0           1                        m8440076
           8           0           0           1                        m8440077
           8           0           0           1                        m8440078
           7           0           0           1                        m8440079
           7           0           0           1                        m8440080
           7           0           0           1                        m8440081
           6           0           0           1                        m8440082
           6           0           0           1                        m8440083
           6           0           0           1                        m8440084
           5           0           0           1                        m8440085
           5           0           0           1                        m8440086
           5           0           0           1                        m8440087
           4           0           0           1                        m8440088
           4           0           0           1                        m8440089
           4           0           0           1                        m8440090
           3           0           0           1                        m8440091
           3           0           0           1                        m8440092
           3           0           0           1                        m8440093
           2           0           0           1                        m8440094
           2           0           0           1                        m8440095
           2           0           0           1                        m8440096
           1           0           0                                    m8440097
           1           0                                                m8440098
           1                                                            m8440099
     3     2      band symmetric matrix                                 m8440100
           2          -1                                                m8440101
           2          -1                                                m8440102
           2                                                            m8440103
    12     5      band symmetric matrix                                 m8440104
           4          -1           0           0          -1            m8440105
           4          -1           0           0          -1            m8440106
           4          -1           0           0          -1            m8440107
           4           0           0           0          -1            m8440108
           4          -1           0           0           0            m8440109
           4          -1           0          -1           0            m8440110
           4          -1           0          -1           0            m8440111
           4           0           0          -1           0            m8440112
           4          -1           0           0           0            m8440113
           4          -1           0           0           0            m8440114
           4          -1           0           0           0            m8440115
           4           0           0           0           0            m8440116
     0                                                                  m8440117
