     5           0                                                      mn440001
          12           1          -1           2           1            mn440002
           1          14           1          -1           1            mn440003
          -1           1          16          -1           1            mn440004
           2          -1          -1          12          -1            mn440005
           1           1           1          -1          11            mn440006
     5           0                                                      mn440007
          10           2           3           1           1            mn440008
           2          12           1           2           1            mn440009
           3           1          11           1          -1            mn440010
           1           2           1           9           1            mn440011
           1           1          -1           1          15            mn440012
     3           1 positive definite matrix                             mn440013
         153          31          58                                    mn440014
         153         -58                                                mn440015
         153                                                            mn440016
     8           1 positive definite matrix                             mn440017
         171          18          33         -21         -17          13mn440018
          25         -36                                                mn440019
         171         -21          33          13         -17         -36mn440020
          25                                                            mn440021
         171          18          25         -36         -17          13mn440022
         171         -36          25          13         -17            mn440023
         171          18          33         -21                        mn440024
         171         -21          33                                    mn440025
         171          18                                                mn440026
         171                                                            mn440027
    15           1 positive definite matrix                             mn440028
         150           1          47           1          -3          12mn440029
           0           2          22          17         -13         -22mn440030
         -14           1          26                                    mn440031
         150           1          47          12          -3           2mn440032
           0          17          22         -22         -13           1mn440033
         -14         -38                                                mn440034
         150           1           0           2          -3          12mn440035
         -13         -22          22          17          26         -38mn440036
         -14                                                            mn440037
         150           2           0          12          -3         -22mn440038
         -13          17          22         -38          26           1mn440039
         150           1          47           1         -14           1mn440040
          26         -38          22          17         -13            mn440041
         150           1          47           1         -14         -38mn440042
          26          17          22         -22                        mn440043
         150           1          26         -38         -14           1mn440044
         -13         -22          22                                    mn440045
         150         -38          26           1         -14         -22mn440046
         -13          17                                                mn440047
         150           1          47           1          -3          12mn440048
           0                                                            mn440049
         150           1          47          12          -3           2mn440050
         150           1           0           2          -3            mn440051
         150           2           0          12                        mn440052
         150           1          47                                    mn440053
         150           1                                                mn440054
         150                                                            mn440055
    20           1 positive definite matrix                             mn440056
         136           0          18         -12           0          -1mn440057
           9           5           9           1         -22         -10mn440058
         -13           0          19         -27          14           2mn440059
          29          14                                                mn440060
         136         -12          18          -1           0           5mn440061
           9           1           9         -10         -22           0mn440062
         -13         -27          19           2          14          14mn440063
          29                                                            mn440064
         136           0           9           5           0          -1mn440065
         -22         -10           9           1          19         -27mn440066
         -13           0          29          14          14           2mn440067
         136           5           9          -1           0         -10mn440068
         -22           1           9         -27          19           0mn440069
         -13          14          29           2          14            mn440070
         136           0          18         -12         -13           0mn440071
          19         -27           9           1         -22         -10mn440072
          -3          14          -9          -2                        mn440073
         136         -12          18           0         -13         -27mn440074
          19           1           9         -10         -22          14mn440075
          -3          -2          -9                                    mn440076
         136           0          19         -27         -13           0mn440077
         -22         -10           9           1          -9          -2mn440078
          -3          14                                                mn440079
         136         -27          19           0         -13         -10mn440080
         -22           1           9          -2          -9          14mn440081
          -3                                                            mn440082
         136           0          18         -12           0          -1mn440083
           9           5          13          16           9         -11mn440084
         136         -12          18          -1           0           5mn440085
           9          16          13         -11           9            mn440086
         136           0           9           5           0          -1mn440087
           9         -11          13          16                        mn440088
         136           5           9          -1           0         -11mn440089
           9          16          13                                    mn440090
         136           0          18         -12           0           2mn440091
           7         -10                                                mn440092
         136         -12          18           2           0         -10mn440093
           7                                                            mn440094
         136           0           7         -10           0           2mn440095
         136         -10           7           2           0            mn440096
         136           0          18         -12                        mn440097
         136         -12          18                                    mn440098
         136           0                                                mn440099
         136                                                            mn440100
     4           1 positive definite matrix                             mn440101
         153          31          58         -58                        mn440102
         153         -58          58                                    mn440103
         153          31                                                mn440104
         153                                                            mn440105
    12           1 positive definite matrix                             mn440106
         150           1          47           1          -3          12mn440107
           0           2          22          17         -13         -22mn440108
         150           1          47          12          -3           2mn440109
           0          17          22         -22         -13            mn440110
         150           1           0           2          -3          12mn440111
         -13         -22          22          17                        mn440112
         150           2           0          12          -3         -22mn440113
         -13          17          22                                    mn440114
         150           1          47           1         -14           1mn440115
          26         -38                                                mn440116
         150           1          47           1         -14         -38mn440117
          26                                                            mn440118
         150           1          26         -38         -14           1mn440119
         150         -38          26           1         -14            mn440120
         150           1          47           1                        mn440121
         150           1          47                                    mn440122
         150           1                                                mn440123
         150                                                            mn440124
     5           1 positive definite matrix                             mn440125
         171          18          33         -21         -17            mn440126
         171         -21          33          13                        mn440127
         171          18          25                                    mn440128
         171         -36                                                mn440129
         171                                                            mn440130
    10           1 positive definite matrix                             mn440131
         150           1          47           1          -3          12mn440132
           0           2          22          17                        mn440133
         150           1          47          12          -3           2mn440134
           0          17          22                                    mn440135
         150           1           0           2          -3          12mn440136
         -13         -22                                                mn440137
         150           2           0          12          -3         -22mn440138
         -13                                                            mn440139
         150           1          47           1         -14           1mn440140
         150           1          47           1         -14            mn440141
         150           1          26         -38                        mn440142
         150         -38          26                                    mn440143
         150           1                                                mn440144
         150                                                            mn440145
     6           1 positive definite matrix                             mn440146
         171          18          33         -21         -17          13mn440147
         171         -21          33          13         -17            mn440148
         171          18          25         -36                        mn440149
         171         -36          25                                    mn440150
         171          18                                                mn440151
         171                                                            mn440152
     5           1 positive definite matrix                             mn440153
         171          18          33         -21         -17            mn440154
         171         -21          33          13                        mn440155
         171          18          25                                    mn440156
         171         -36                                                mn440157
         171                                                            mn440158
     6                                                                  mn440159
          16           5           5           5          -6           5mn440160
           5          16           5           5          -6           5mn440161
           5           5          16           5          -6           5mn440162
           5           5           5          16          -6           5mn440163
           5           5           5           5          -6          16mn440164
           6           6           6           6          -5           6mn440165
     6                                                                  mn440166
           1                                                            mn440167
          -1           1                                                mn440168
          -1          -1           1                                    mn440169
          -1          -1          -1           1                        mn440170
          -1          -1          -1          -1           1            mn440171
          -1          -1          -1          -1          -1           1mn440172
     8                                                                  mn440173
           1           0           0           0           0           0mn440174
           0           0                                                mn440175
           0           1           0           0           0           0mn440176
           0           0                                                mn440177
           0           0           1           0           0           0mn440178
           0           0                                                mn440179
           0           0           0           1           0           0mn440180
           0           0                                                mn440181
           0           0           0           0           1           0mn440182
           0           0                                                mn440183
           0           0           0           0           0           1mn440184
           0           0                                                mn440185
           0           0           0           0           0           0mn440186
           1           0                                                mn440187
           0           0           0           0           0           0mn440188
           0           1                                                mn440189
     6                                                                  mn440190
           1           0           0           0           0           0mn440191
           0           1           0           0           0           0mn440192
           0           0           1           0           0           0mn440193
           0           0           0           1           0           0mn440194
           0           0           0           0           1           0mn440195
           0           0           0           0           0           1mn440196
     5                                                                  mn440197
           1           0           0           0           0            mn440198
           0           1           0           0           0            mn440199
           0           0           1           0           0            mn440200
           0           0           0           1           0            mn440201
           0           0           0           0           1            mn440202
    12                                                                  mn440203
           1           0           0           0           0           0mn440204
           0           0           0           0           0           0mn440205
           0           1           0           0           0           0mn440206
           0           0           0           0           0           0mn440207
           0           0           1           0           0           0mn440208
           0           0           0           0           0           0mn440209
           0           0           0           1           0           0mn440210
           0           0           0           0           0           0mn440211
           0           0           0           0           1           0mn440212
           0           0           0           0           0           0mn440213
           0           0           0           0           0           1mn440214
           0           0           0           0           0           0mn440215
           0           0           0           0           0           0mn440216
           1           0           0           0           0           0mn440217
           0           0           0           0           0           0mn440218
           0           1           0           0           0           0mn440219
           0           0           0           0           0           0mn440220
           0           0           1           0           0           0mn440221
           0           0           0           0           0           0mn440222
           0           0           0           1           0           0mn440223
           0           0           0           0           0           0mn440224
           0           0           0           0           1           0mn440225
           0           0           0           0           0           0mn440226
           0           0           0           0           0           1mn440227
    10                                                                  mn440228
           1           0           0           0           0           0mn440229
           0           0           0           0                        mn440230
           0           1           0           0           0           0mn440231
           0           0           0           0                        mn440232
           0           0           1           0           0           0mn440233
           0           0           0           0                        mn440234
           0           0           0           1           0           0mn440235
           0           0           0           0                        mn440236
           0           0           0           0           1           0mn440237
           0           0           0           0                        mn440238
           0           0           0           0           0           1mn440239
           0           0           0           0                        mn440240
           0           0           0           0           0           0mn440241
           1           0           0           0                        mn440242
           0           0           0           0           0           0mn440243
           0           1           0           0                        mn440244
           0           0           0           0           0           0mn440245
           0           0           1           0                        mn440246
           0           0           0           0           0           0mn440247
           0           0           0           1                        mn440248
    15                                                                  mn440249
           1           0           0           0           0           0mn440250
           0           0           0           0           0           0mn440251
           0           0           0                                    mn440252
           0           1           0           0           0           0mn440253
           0           0           0           0           0           0mn440254
           0           0           0                                    mn440255
           0           0           1           0           0           0mn440256
           0           0           0           0           0           0mn440257
           0           0           0                                    mn440258
           0           0           0           1           0           0mn440259
           0           0           0           0           0           0mn440260
           0           0           0                                    mn440261
           0           0           0           0           1           0mn440262
           0           0           0           0           0           0mn440263
           0           0           0                                    mn440264
           0           0           0           0           0           1mn440265
           0           0           0           0           0           0mn440266
           0           0           0                                    mn440267
           0           0           0           0           0           0mn440268
           1           0           0           0           0           0mn440269
           0           0           0                                    mn440270
           0           0           0           0           0           0mn440271
           0           1           0           0           0           0mn440272
           0           0           0                                    mn440273
           0           0           0           0           0           0mn440274
           0           0           1           0           0           0mn440275
           0           0           0                                    mn440276
           0           0           0           0           0           0mn440277
           0           0           0           1           0           0mn440278
           0           0           0                                    mn440279
           0           0           0           0           0           0mn440280
           0           0           0           0           1           0mn440281
           0           0           0                                    mn440282
           0           0           0           0           0           0mn440283
           0           0           0           0           0           1mn440284
           0           0           0                                    mn440285
           0           0           0           0           0           0mn440286
           0           0           0           0           0           0mn440287
           1           0           0                                    mn440288
           0           0           0           0           0           0mn440289
           0           0           0           0           0           0mn440290
           0           1           0                                    mn440291
           0           0           0           0           0           0mn440292
           0           0           0           0           0           0mn440293
           0           0           1                                    mn440294
    19                                                                  mn440295
           1           0           0           0           0           0mn440296
           0           0           0           0           0           0mn440297
           0           0           0           0           0           0mn440298
           0                                                            mn440299
           0           1           0           0           0           0mn440300
           0           0           0           0           0           0mn440301
           0           0           0           0           0           0mn440302
           0                                                            mn440303
           0           0           1           0           0           0mn440304
           0           0           0           0           0           0mn440305
           0           0           0           0           0           0mn440306
           0                                                            mn440307
           0           0           0           1           0           0mn440308
           0           0           0           0           0           0mn440309
           0           0           0           0           0           0mn440310
           0                                                            mn440311
           0           0           0           0           1           0mn440312
           0           0           0           0           0           0mn440313
           0           0           0           0           0           0mn440314
           0                                                            mn440315
           0           0           0           0           0           1mn440316
           0           0           0           0           0           0mn440317
           0           0           0           0           0           0mn440318
           0                                                            mn440319
           0           0           0           0           0           0mn440320
           1           0           0           0           0           0mn440321
           0           0           0           0           0           0mn440322
           0                                                            mn440323
           0           0           0           0           0           0mn440324
           0           1           0           0           0           0mn440325
           0           0           0           0           0           0mn440326
           0                                                            mn440327
           0           0           0           0           0           0mn440328
           0           0           1           0           0           0mn440329
           0           0           0           0           0           0mn440330
           0                                                            mn440331
           0           0           0           0           0           0mn440332
           0           0           0           1           0           0mn440333
           0           0           0           0           0           0mn440334
           0                                                            mn440335
           0           0           0           0           0           0mn440336
           0           0           0           0           1           0mn440337
           0           0           0           0           0           0mn440338
           0                                                            mn440339
           0           0           0           0           0           0mn440340
           0           0           0           0           0           1mn440341
           0           0           0           0           0           0mn440342
           0                                                            mn440343
           0           0           0           0           0           0mn440344
           0           0           0           0           0           0mn440345
           1           0           0           0           0           0mn440346
           0                                                            mn440347
           0           0           0           0           0           0mn440348
           0           0           0           0           0           0mn440349
           0           1           0           0           0           0mn440350
           0                                                            mn440351
           0           0           0           0           0           0mn440352
           0           0           0           0           0           0mn440353
           0           0           1           0           0           0mn440354
           0                                                            mn440355
           0           0           0           0           0           0mn440356
           0           0           0           0           0           0mn440357
           0           0           0           1           0           0mn440358
           0                                                            mn440359
           0           0           0           0           0           0mn440360
           0           0           0           0           0           0mn440361
           0           0           0           0           1           0mn440362
           0                                                            mn440363
           0           0           0           0           0           0mn440364
           0           0           0           0           0           0mn440365
           0           0           0           0           0           1mn440366
           0                                                            mn440367
           0           0           0           0           0           0mn440368
           0           0           0           0           0           0mn440369
           0           0           0           0           0           0mn440370
           1                                                            mn440371
                                                                        mn440372
