     5           2     a                                                me440001
           1           1                                                me440002
           1           3                                                me440003
           1           5                                                me440004
           1           7                                                me440005
           1           9                                                me440006
     2           3     a                                                me440007
           1           1           1                                    me440008
           2           1          -1                                    me440009
     3           3     a                                                me440010
           1          -2          -3                                    me440011
         -12           1           4                                    me440012
           3          -1          -2                                    me440013
     4           4     a                                                me440014
           1           1           1           1                        me440015
           3          -1          -1           2                        me440016
           2          -2          -2           1                        me440017
           1          -1          -1           4                        me440018
     1           4     a                                                me440019
           1           2           3           4                        me440020
     6           6     a                                                me440021
         -74          80          18         -11          -4          -8me440022
          14         -69          21          28           0           7me440023
          66         -72          -5           7           1           4me440024
         -12          66         -30         -23           3          -3me440025
           3           8          -7          -4           1           0me440026
           4         -12           4           4           0           1me440027
     6           5     a                                                me440028
         -74          80          18         -11          -4            me440029
          14         -69          21          28           0            me440030
          66         -72          -5           7           1            me440031
         -12          66         -30         -23           3            me440032
           3           8          -7          -4           1            me440033
           4         -12           4           4           0            me440034
     8           8     a                                                me440035
           1           2          -1           1           3           0me440036
           1          -1                                                me440037
                                                                        me440038
                                                                        me440039
                                                                        me440040
                                                                        me440041
          -2           1           0           1          -3           2me440042
           0           2                                                me440043
                                                                        me440044
                                                                        me440045
           0           5          -2           3           3           2me440046
           2           0                                                me440047
           3          -1          -1          -1           2          -1me440048
          -1           1                                                me440049
           1           0          -1           0          -1           1me440050
          -1           3                                                me440051
     8           8     a                                                me440052
           1           0           0          -2           0           0me440053
           3           1                                                me440054
           2           0           0           1           0           5me440055
          -1           0                                                me440056
          -1           0           0           0           0          -2me440057
          -1          -1                                                me440058
           1           0           0           1           0           3me440059
          -1           0                                                me440060
           3           0           0          -3           0           3me440061
           2          -1                                                me440062
           0           0           0           2           0           2me440063
          -1           1                                                me440064
           1           0           0           0           0           2me440065
          -1          -1                                                me440066
          -1           0           0           2           0           0me440067
           1           3                                                me440068
    20          19     a                                                me440069
          19           0           0           0           0           0me440070
           0           0           0           0           0           0me440071
           0           0           0           0           0           0me440072
           0                                                            me440073
          -1          18           0           0           0           0me440074
           0           0           0           0           0           0me440075
           0           0           0           0           0           0me440076
           0                                                            me440077
          -1          -1          17           0           0           0me440078
           0           0           0           0           0           0me440079
           0           0           0           0           0           0me440080
           0                                                            me440081
          -1          -1          -1          16           0           0me440082
           0           0           0           0           0           0me440083
           0           0           0           0           0           0me440084
           0                                                            me440085
          -1          -1          -1          -1          15           0me440086
           0           0           0           0           0           0me440087
           0           0           0           0           0           0me440088
           0                                                            me440089
          -1          -1          -1          -1          -1          14me440090
           0           0           0           0           0           0me440091
           0           0           0           0           0           0me440092
           0                                                            me440093
          -1          -1          -1          -1          -1          -1me440094
          13           0           0           0           0           0me440095
           0           0           0           0           0           0me440096
           0                                                            me440097
          -1          -1          -1          -1          -1          -1me440098
          -1          12           0           0           0           0me440099
           0           0           0           0           0           0me440100
           0                                                            me440101
          -1          -1          -1          -1          -1          -1me440102
          -1          -1          11           0           0           0me440103
           0           0           0           0           0           0me440104
           0                                                            me440105
          -1          -1          -1          -1          -1          -1me440106
          -1          -1          -1          10           0           0me440107
           0           0           0           0           0           0me440108
           0                                                            me440109
          -1          -1          -1          -1          -1          -1me440110
          -1          -1          -1          -1           9           0me440111
           0           0           0           0           0           0me440112
           0                                                            me440113
          -1          -1          -1          -1          -1          -1me440114
          -1          -1          -1          -1          -1           8me440115
           0           0           0           0           0           0me440116
           0                                                            me440117
          -1          -1          -1          -1          -1          -1me440118
          -1          -1          -1          -1          -1          -1me440119
           7           0           0           0           0           0me440120
           0                                                            me440121
          -1          -1          -1          -1          -1          -1me440122
          -1          -1          -1          -1          -1          -1me440123
          -1           6           0           0           0           0me440124
           0                                                            me440125
          -1          -1          -1          -1          -1          -1me440126
          -1          -1          -1          -1          -1          -1me440127
          -1          -1           5           0           0           0me440128
           0                                                            me440129
          -1          -1          -1          -1          -1          -1me440130
          -1          -1          -1          -1          -1          -1me440131
          -1          -1          -1           4           0           0me440132
           0                                                            me440133
          -1          -1          -1          -1          -1          -1me440134
          -1          -1          -1          -1          -1          -1me440135
          -1          -1          -1          -1           3           0me440136
           0                                                            me440137
          -1          -1          -1          -1          -1          -1me440138
          -1          -1          -1          -1          -1          -1me440139
          -1          -1          -1          -1          -1           2me440140
           0                                                            me440141
          -1          -1          -1          -1          -1          -1me440142
          -1          -1          -1          -1          -1          -1me440143
          -1          -1          -1          -1          -1          -1me440144
           1                                                            me440145
          -1          -1          -1          -1          -1          -1me440146
          -1          -1          -1          -1          -1          -1me440147
          -1          -1          -1          -1          -1          -1me440148
          -1                                                            me440149
    20          20     a                                                me440150
           1           0           0           0           0           0me440151
           0           0           0           0           0           0me440152
           0           0           0           0           0           0me440153
           0           0                                                me440154
          -1           1           0           0           0           0me440155
           0           0           0           0           0           0me440156
           0           0           0           0           0           0me440157
           0           0                                                me440158
          -1          -1           1           0           0           0me440159
           0           0           0           0           0           0me440160
           0           0           0           0           0           0me440161
           0           0                                                me440162
          -1          -1          -1           1           0           0me440163
           0           0           0           0           0           0me440164
           0           0           0           0           0           0me440165
           0           0                                                me440166
          -1          -1          -1          -1           1           0me440167
           0           0           0           0           0           0me440168
           0           0           0           0           0           0me440169
           0           0                                                me440170
           1          -1          -1           1          -1           1me440171
           0           0           0           0           0           0me440172
           0           0           0           0           0           0me440173
           0           0                                                me440174
          -1          -1          -1          -1          -1          -1me440175
           1           0           0           0           0           0me440176
           0           0           0           0           0           0me440177
           0           0                                                me440178
          -1          -1          -1          -1          -1          -1me440179
          -1           1           0           0           0           0me440180
           0           0           0           0           0           0me440181
           0           0                                                me440182
          -1          -1          -1          -1          -1          -1me440183
          -1          -1           1           0           0           0me440184
           0           0           0           0           0           0me440185
           0           0                                                me440186
          -1          -1          -1          -1          -1          -1me440187
          -1          -1          -1           1           0           0me440188
           0           0           0           0           0           0me440189
           0           0                                                me440190
          -1          -1          -1          -1          -1          -1me440191
          -1          -1          -1          -1           1           0me440192
           0           0           0           0           0           0me440193
           0           0                                                me440194
          -1          -1          -1          -1          -1          -1me440195
          -1          -1          -1          -1          -1           1me440196
           0           0           0           0           0           0me440197
           0           0                                                me440198
          -1          -1          -1          -1          -1          -1me440199
          -1          -1          -1          -1          -1          -1me440200
           1           0           0           0           0           0me440201
           0           0                                                me440202
          -1          -1          -1          -1          -1          -1me440203
          -1          -1          -1          -1          -1          -1me440204
          -1           1           0           0           0           0me440205
           0           0                                                me440206
          -1          -1          -1          -1          -1          -1me440207
          -1          -1          -1          -1          -1          -1me440208
          -1          -1           1           0           0           0me440209
           0           0                                                me440210
          -1          -1          -1          -1          -1          -1me440211
          -1          -1          -1          -1          -1          -1me440212
          -1          -1          -1           1           0           0me440213
           0           0                                                me440214
          -1          -1          -1          -1          -1          -1me440215
          -1          -1          -1          -1          -1          -1me440216
          -1          -1          -1          -1           1           0me440217
           0           0                                                me440218
          -1          -1          -1          -1          -1          -1me440219
          -1          -1          -1          -1          -1          -1me440220
          -1          -1          -1          -1          -1           1me440221
           0           0                                                me440222
          -1          -1          -1          -1          -1          -1me440223
          -1          -1          -1          -1          -1          -1me440224
          -1          -1          -1          -1          -1          -1me440225
           1           0                                                me440226
          -1          -1          -1          -1          -1          -1me440227
          -1          -1          -1          -1          -1          -1me440228
          -1          -1          -1          -1          -1          -1me440229
          -1           1                                                me440230
     1           2     a                                                me440231
           1           1                                                me440232
     1           2     a                                                me440233
           3          -3                                                me440234
     8           5     a                                                me440235
          22          10           2           3           7            me440236
          14           7          10           0           8            me440237
          -1          13          -1         -11           3            me440238
          -3          -2          13          -2           4            me440239
           9           8           1          -2           4            me440240
           9           1          -7           5          -1            me440241
           2          -6           6           5           1            me440242
           4           5           0          -2           2            me440243
    15           5     a                                                me440244
   -13405547   -20162827   -16930778   -18971990   -17387234            me440245
   -10379475   -15766336   -13346256   -14848550   -13597690            me440246
   - 8779597   -12883867   -10683007   -12011796   -10932972            me440247
     2058554      335331   - 1641270       78606      271659            me440248
   - 3248093   - 1876799      410639   - 1405894   - 1384391            me440249
     5967662     6667714     4352153     5740438     5024962            me440250
     6712457     7352437     4489770     6471862     5876455            me440251
     8687186     9368296     5672327     8141043     7302320            me440252
     2149662     6222662     7213486     6200069     5570931            me440253
     6687407    10344506     9153849     9508223     8393667            me440254
    15879069    18088339    11540692    16160727    14796479            me440255
    17642887    20361830    13057860    18385729    17005549            me440256
    11414080    17259611    14816471    16007466    14374096            me440257
     7846038    14669563    14365800    14003842    12571177            me440258
    10803175    16994623    14971519    15885312    14301547            me440259
                         end of data                                    me440260
