     6                                                                  m6440001
      -13573      -13833       25635                                    m6440002
       24383      -21493        8775                                    m6440003
       27827       -6897        8219                                    m6440004
        5737       28739       25055                                    m6440005
       18645       -4121       32467                                    m6440006
        9647         315        1335                                    m6440007
    15                                                                  m6440008
       31235       26271      -19733                                    m6440009
       -3751       -9069      -29073                                    m6440010
      -20229       26615        6691                                    m6440011
        3391      -19957       24647                                    m6440012
       17075       13071       17947                                    m6440013
       14441       26179       20447                                    m6440014
         725       28135      -27437                                    m6440015
      -19537       26427        9015                                    m6440016
        8605      -20865        5195                                    m6440017
       18553       21235      -28593                                    m6440018
      -27557       -1321         643                                    m6440019
       22241       30571      -17113                                    m6440020
        -749       18671       19835                                    m6440021
       12681       21155      -16449                                    m6440022
      -22901        -313        4915                                    m6440023
    10                                                                  m6440024
           0           0           9                                    m6440025
           1           0           8                                    m6440026
           2           0           7                                    m6440027
           3           0           6                                    m6440028
           4           0           5                                    m6440029
           5           0           4                                    m6440030
           6           0           3                                    m6440031
           7           0           2                                    m6440032
           8           0           1                                    m6440033
           9           0           0                                    m6440034
    10                                                                  m6440035
           0          -9           8                                    m6440036
           9         -24          14                                    m6440037
          16         -35          18                                    m6440038
          21         -42          20                                    m6440039
          24         -45          20                                    m6440040
          25         -44          18                                    m6440041
          24         -39          14                                    m6440042
          21         -30           8                                    m6440043
          16         -17           0                                    m6440044
           9           0           0                                    m6440045
                                                                        m6440046
