385 0 2 32 0 1 4 6 7 8 9 10 11 12 14 16 17 18 20 22 33 36 38 40 41 42 45 47 49 53 55 56 57 58 59 60 
40979 2 52 61 
32819 
1 1 61 0 
1 2 52 30 61 16801807 
1 32 0 34 1 38 4 42 6 46 7 50 8 54 9 58 10 62 11 66 12 70 14 74 16 78 17 82 18 86 20 90 22 94 33 98 36 102 38 106 40 110 41 114 42 118 45 122 47 126 49 130 53 134 55 138 56 142 57 146 58 150 59 154 60 158 
0 1 17 1 4 6 7 8 9 10 11 12 14 16 17 18 20 22 52 61 
16875575 
0 2 15 1 4 6 7 8 9 10 11 12 14 16 17 18 20 22 
40979 2 52 61 
16810019 
0 2 32 0 1 4 6 7 8 9 10 11 12 14 16 17 18 20 22 33 36 38 40 41 42 45 47 49 53 55 56 57 58 59 60 
40979 2 52 61 
32819 
1 1 60 210 
1 3 45 218 49 222 59 226 
1 7 45 250 47 254 49 258 53 262 58 150 59 226 60 158 
1 1 59 310 
1 1 59 322 
1 1 59 226 
1 3 56 342 57 346 59 350 
1 4 56 342 57 346 58 366 59 350 
1 3 56 342 57 346 59 350 
1 4 56 342 57 346 58 366 59 350 
1 8 5 386 45 250 47 254 49 258 53 262 58 150 59 226 60 158 
1 1 59 402 
1 3 45 218 49 222 59 226 
1 4 55 138 56 142 57 146 59 418 
0 2 15 1 4 6 7 8 9 10 11 12 14 16 17 18 20 22 
40979 1 43 
122943 
1 3 45 218 49 222 59 226 
1 16 33 98 36 102 38 106 40 110 41 114 42 118 45 122 47 126 49 130 53 134 55 138 56 142 57 146 58 150 59 154 60 158 
1 16 33 98 36 102 38 106 40 110 41 114 42 118 45 122 47 126 49 130 53 134 55 138 56 142 57 146 58 150 59 154 60 158 
1 16 33 98 36 102 38 106 40 110 41 114 42 118 45 122 47 126 49 130 53 134 55 138 56 142 57 146 58 150 59 154 60 158 
1 7 45 250 47 254 49 258 53 262 58 150 59 226 60 158 
1 16 33 98 36 102 38 106 40 110 41 114 42 118 45 122 47 126 49 130 53 134 55 138 56 142 57 146 58 150 59 154 60 158 
0 2 15 1 4 6 7 8 9 10 11 12 14 16 17 18 20 22 
40979 1 43 
122943 
1 17 33 98 36 102 38 106 40 110 41 114 42 118 45 122 46 494 47 126 49 130 53 134 55 138 56 142 57 146 58 150 59 154 60 158 
1 17 33 98 36 102 38 106 40 110 41 114 42 118 45 122 47 126 48 502 49 130 53 134 55 138 56 142 57 146 58 150 59 154 60 158 
1 3 50 514 58 518 59 522 
1 4 55 138 56 142 57 146 59 538 
0 1 57 1 2 3 4 6 7 8 9 10 11 12 14 15 16 17 18 19 20 21 22 24 26 27 28 29 30 31 32 33 34 35 36 37 38 39 40 41 42 43 44 45 46 47 48 49 50 51 52 53 54 55 56 57 58 59 60 61 
17236763 
0 1 57 1 2 3 4 6 7 8 9 10 11 12 14 15 16 17 18 19 20 21 22 24 26 27 28 29 30 31 32 33 34 35 36 37 38 39 40 41 42 43 44 45 46 47 48 49 50 51 52 53 54 55 56 57 58 59 60 61 
17236755 
0 1 57 1 2 3 4 6 7 8 9 10 11 12 14 15 16 17 18 19 20 21 22 24 26 27 28 29 30 31 32 33 34 35 36 37 38 39 40 41 42 43 44 45 46 47 48 49 50 51 52 53 54 55 56 57 58 59 60 61 
17236759 
0 1 51 1 4 6 7 8 9 10 11 12 14 16 17 18 20 21 22 26 27 28 29 30 31 32 33 34 35 36 37 38 39 40 41 42 43 44 45 46 47 48 49 50 51 52 53 55 56 57 58 59 60 61 
17343279 
0 2 1 54 
546 49 1 4 6 7 8 9 10 11 12 14 16 17 18 20 21 22 27 29 30 31 32 33 34 35 36 37 38 39 40 41 42 43 44 45 46 47 48 49 50 51 52 53 55 56 57 58 59 60 61 
17236751 
0 1 51 1 4 6 7 8 9 10 11 12 14 16 17 18 20 21 22 26 27 28 29 30 31 32 33 34 35 36 37 38 39 40 41 42 43 44 45 46 47 48 49 50 51 52 53 55 56 57 58 59 60 61 
17343275 
0 1 20 1 4 6 7 8 9 10 11 12 14 16 17 18 20 22 43 44 46 52 61 
33603607 
0 4 1 30 
550 1 31 
554 1 32 
558 2 52 61 
33587239 
0 1 20 1 4 6 7 8 9 10 11 12 14 16 17 18 20 22 43 44 46 52 61 
16834695 
0 1 49 1 4 6 7 8 9 10 11 12 14 16 17 18 20 21 22 27 29 30 31 32 33 34 35 36 37 38 39 40 41 42 43 44 45 46 47 48 49 50 51 52 53 55 56 57 58 59 60 61 
17408771 
0 1 49 1 4 6 7 8 9 10 11 12 14 16 17 18 20 21 22 27 29 30 31 32 33 34 35 36 37 38 39 40 41 42 43 44 45 46 47 48 49 50 51 52 53 55 56 57 58 59 60 61 
17400471 
0 18 1 29 
562 1 33 
98 1 36 
102 1 38 
106 1 40 
110 1 41 
114 1 42 
118 1 45 
122 1 47 
126 1 49 
130 1 53 
134 1 55 
138 1 56 
142 1 57 
146 1 58 
150 1 59 
154 1 60 
158 32 1 4 6 7 8 9 10 11 12 14 16 17 18 20 21 22 27 30 31 32 34 35 37 39 43 44 46 48 50 51 52 61 
16884303 
0 1 32 1 4 6 7 8 9 10 11 12 14 16 17 18 20 21 22 27 30 31 32 34 35 37 39 43 44 46 48 50 51 52 61 
16884307 
0 1 49 1 4 6 7 8 9 10 11 12 14 16 17 18 20 21 22 27 29 30 31 32 33 34 35 36 37 38 39 40 41 42 43 44 45 46 47 48 49 50 51 52 53 55 56 57 58 59 60 61 
17384063 
0 1 49 1 4 6 7 8 9 10 11 12 14 16 17 18 20 21 22 27 29 30 31 32 33 34 35 36 37 38 39 40 41 42 43 44 45 46 47 48 49 50 51 52 53 55 56 57 58 59 60 61 
17384067 
1 15 1 38 4 42 6 46 7 50 8 54 9 58 10 62 11 66 12 70 14 74 16 78 17 82 18 86 20 90 22 94 
0 1 17 1 4 6 7 8 9 10 11 12 14 16 17 18 20 22 52 61 
33652795 
0 1 2 52 61 
50364463 
0 2 1 60 
210 2 52 61 
16892747 
0 1 2 52 61 
50364459 
1 3 45 218 49 222 59 226 
1 2 58 518 59 522 
0 1 57 1 2 3 4 6 7 8 9 10 11 12 14 15 16 17 18 19 20 21 22 24 26 27 28 29 30 31 32 33 34 35 36 37 38 39 40 41 42 43 44 45 46 47 48 49 50 51 52 53 54 55 56 57 58 59 60 61 
17416967 
1 3 2 606 3 610 21 614 
0 1 25 1 2 3 4 6 7 8 9 10 11 12 14 15 16 17 18 19 20 21 22 43 44 46 52 61 
16916663 
0 1 44 1 2 3 4 6 7 8 9 10 11 12 14 15 16 17 18 19 20 21 22 24 26 27 28 29 30 31 32 34 35 37 39 43 44 46 48 50 51 52 55 56 57 59 61 
17187255 
1 2 57 618 59 226 
0 2 1 54 
626 50 1 2 3 4 6 7 8 9 10 11 12 14 15 16 17 18 19 20 21 22 24 26 27 28 29 30 31 32 34 35 37 39 43 44 45 46 47 48 49 50 51 52 53 55 56 57 58 59 60 61 
17122079 
1 8 45 250 46 630 47 254 49 258 53 262 58 150 59 226 60 158 
1 8 45 250 47 254 48 642 49 258 53 262 58 150 59 226 60 158 
1 8 45 250 47 254 49 258 50 650 53 262 58 654 59 658 60 158 
1 4 55 138 56 142 57 146 59 538 
0 2 1 21 
682 20 1 4 6 7 8 9 10 11 12 14 16 17 18 20 22 43 44 46 52 61 
33611879 
0 2 1 27 
686 21 1 4 6 7 8 9 10 11 12 14 16 17 18 20 21 22 43 44 46 52 61 
16933063 
0 1 15 26 28 29 45 46 47 48 49 50 51 53 57 58 59 60 
17212155 
0 1 15 26 28 29 45 46 47 48 49 50 51 53 57 58 59 60 
17334819 
0 1 22 1 4 6 7 8 9 10 11 12 14 16 17 18 20 21 22 27 43 44 46 52 61 
17056243 
1 3 26 690 29 694 57 17310211 
1 1 57 698 
0 1 8 26 28 29 46 48 50 51 57 
17302027 
0 8 1 45 
250 1 47 
254 1 49 
258 1 53 
262 8 26 28 29 46 48 50 51 57 
17318423 1 58 
150 1 59 
226 1 60 
158 
0 1 15 26 28 29 45 46 47 48 49 50 51 53 57 58 59 60 
17326619 
0 1 15 26 28 29 45 46 47 48 49 50 51 53 57 58 59 60 
17334823 
1 1 45 706 
0 2 1 21 
710 20 1 4 6 7 8 9 10 11 12 14 16 17 18 20 22 43 44 46 52 61 
33611899 
0 1 21 1 4 6 7 8 9 10 11 12 14 16 17 18 20 21 22 43 44 46 52 61 
16965799 
1 1 57 714 
0 2 1 21 
718 20 1 4 6 7 8 9 10 11 12 14 16 17 18 20 22 43 44 46 52 61 
33611903 
0 1 21 1 4 6 7 8 9 10 11 12 14 16 17 18 20 21 22 43 44 46 52 61 
16973999 
0 2 1 59 
226 22 1 4 6 7 8 9 10 11 12 14 15 16 17 18 19 20 22 43 44 46 52 61 
33759371 
0 1 23 1 4 6 7 8 9 10 11 12 14 15 16 17 18 19 20 22 43 44 46 52 59 61 
16990963 
0 1 25 1 4 6 7 8 9 10 11 12 14 15 16 17 18 19 20 22 43 44 46 52 56 57 59 61 
17466147 
0 1 25 1 4 6 7 8 9 10 11 12 14 15 16 17 18 19 20 22 43 44 46 52 56 57 59 61 
17466151 
0 1 25 1 4 6 7 8 9 10 11 12 14 15 16 17 18 19 20 22 43 44 46 52 56 57 59 61 
17474371 
0 4 1 56 
342 1 57 
346 1 59 
350 22 1 4 6 7 8 9 10 11 12 14 15 16 17 18 19 20 22 43 44 46 52 61 
33759375 
0 1 25 1 4 6 7 8 9 10 11 12 14 15 16 17 18 19 20 22 43 44 46 52 56 57 59 61 
17474375 
0 1 25 1 4 6 7 8 9 10 11 12 14 15 16 17 18 19 20 22 43 44 46 52 56 57 59 61 
16999219 
1 3 56 342 57 346 59 350 
0 4 1 56 
342 1 57 
346 1 59 
350 22 1 4 6 7 8 9 10 11 12 14 15 16 17 18 19 20 22 43 44 46 52 61 
17007423 
0 1 22 1 4 6 7 8 9 10 11 12 14 15 16 17 18 19 20 22 43 44 46 52 61 
33759379 
0 4 1 56 
342 1 57 
346 1 59 
350 22 1 4 6 7 8 9 10 11 12 14 15 16 17 18 19 20 22 43 44 46 52 61 
33759383 
0 1 22 1 4 6 7 8 9 10 11 12 14 15 16 17 18 19 20 22 43 44 46 52 61 
33759387 
1 7 45 250 47 254 49 258 53 262 58 150 59 226 60 158 
0 2 1 21 
738 20 1 4 6 7 8 9 10 11 12 14 16 17 18 20 22 43 44 46 52 61 
33611883 
0 1 21 1 4 6 7 8 9 10 11 12 14 16 17 18 20 21 22 43 44 46 52 61 
16941263 
1 3 26 690 29 742 57 746 
1 2 29 750 57 303339 
0 2 1 21 
758 20 1 4 6 7 8 9 10 11 12 14 16 17 18 20 22 43 44 46 52 61 
33611895 
0 1 21 1 4 6 7 8 9 10 11 12 14 16 17 18 20 21 22 43 44 46 52 61 
16957599 
0 3 1 2 
762 1 21 
614 20 1 4 6 7 8 9 10 11 12 14 16 17 18 20 22 43 44 46 52 61 
33611859 
0 2 1 57 
766 23 1 4 6 7 8 9 10 11 12 14 16 17 18 20 21 22 24 39 43 44 46 52 61 
17236751 
0 2 1 21 
770 20 1 4 6 7 8 9 10 11 12 14 16 17 18 20 22 43 44 46 52 61 
33611891 
0 1 21 1 4 6 7 8 9 10 11 12 14 16 17 18 20 21 22 43 44 46 52 61 
16949463 
0 1 21 1 4 6 7 8 9 10 11 12 14 16 17 18 20 21 22 43 44 46 52 61 
17072619 
0 3 1 24 
774 1 39 
778 26 1 2 3 4 6 7 8 9 10 11 12 14 15 16 17 18 19 20 21 22 27 43 44 46 52 61 
467427 
0 1 19 1 4 6 7 8 9 10 11 12 14 16 17 18 20 22 43 44 46 52 
16908359 
1 1 43 786 
0 3 15 1 4 6 7 8 9 10 11 12 14 16 17 18 20 22 
40979 3 43 44 46 
16900163 1 52 
790 
0 2 1 21 
798 20 1 4 6 7 8 9 10 11 12 14 16 17 18 20 22 43 44 46 52 61 
33611875 
0 1 22 1 3 4 6 7 8 9 10 11 12 14 16 17 18 20 21 22 43 44 46 52 61 
16924863 
1 2 57 802 59 226 
1 4 30 550 31 554 32 558 34 806 
1 4 30 550 31 554 32 558 37 810 
1 4 30 550 31 554 32 558 39 814 
1 3 26 690 28 818 29 742 
0 2 1 27 
822 31 1 4 6 7 8 9 10 11 12 14 16 17 18 20 21 22 30 31 32 34 35 37 39 43 44 46 48 50 51 52 61 
34169463 
0 1 32 1 4 6 7 8 9 10 11 12 14 16 17 18 20 21 22 27 30 31 32 34 35 37 39 43 44 46 48 50 51 52 61 
17367619 
0 2 1 30 
550 31 1 4 6 7 8 9 10 11 12 14 16 17 18 20 21 22 27 31 32 34 35 37 39 43 44 46 48 50 51 52 61 
34169467 
1 1 43 826 
0 1 49 1 4 6 7 8 9 10 11 12 14 16 17 18 20 21 22 27 29 30 31 32 33 34 35 36 37 38 39 40 41 42 43 44 45 46 47 48 49 50 51 52 53 55 56 57 58 59 60 61 
34177707 
1 6 30 550 31 554 32 558 46 830 51 834 52 838 
0 1 49 1 4 6 7 8 9 10 11 12 14 16 17 18 20 21 22 27 29 30 31 32 33 34 35 36 37 38 39 40 41 42 43 44 45 46 47 48 49 50 51 52 53 55 56 57 58 59 60 61 
34177715 
0 4 1 30 
550 1 31 
554 1 32 
558 3 46 48 51 
17433307 
1 2 48 842 51 846 
0 1 49 1 4 6 7 8 9 10 11 12 14 16 17 18 20 21 22 27 29 30 31 32 33 34 35 36 37 38 39 40 41 42 43 44 45 46 47 48 49 50 51 52 53 55 56 57 58 59 60 61 
34177723 
0 1 2 29 57 
17285599 
0 1 2 29 57 
17285595 
1 1 57 850 
1 2 50 854 51 858 
0 1 2 50 51 
17441491 
0 1 57 1 2 3 4 6 7 8 9 10 11 12 14 15 16 17 18 19 20 21 22 24 26 27 28 29 30 31 32 33 34 35 36 37 38 39 40 41 42 43 44 45 46 47 48 49 50 51 52 53 54 55 56 57 58 59 60 61 
17236751 
0 1 49 1 4 6 7 8 9 10 11 12 14 16 17 18 20 21 22 27 29 30 31 32 33 34 35 36 37 38 39 40 41 42 43 44 45 46 47 48 49 50 51 52 53 55 56 57 58 59 60 61 
34177679 
1 1 59 226 
1 7 45 250 47 254 49 258 53 262 58 150 59 226 60 158 
1 16 33 98 36 102 38 106 40 110 41 114 42 118 45 122 47 126 49 130 53 134 55 138 56 142 57 146 58 150 59 154 60 158 
1 16 33 98 36 102 38 106 40 110 41 114 42 118 45 122 47 126 49 130 53 134 55 138 56 142 57 146 58 150 59 154 60 158 
1 3 45 218 49 222 59 226 
0 1 32 1 4 6 7 8 9 10 11 12 14 16 17 18 20 21 22 27 30 31 32 34 35 37 39 43 44 46 48 50 51 52 61 
33661527 
0 1 49 1 4 6 7 8 9 10 11 12 14 16 17 18 20 21 22 27 29 30 31 32 33 34 35 36 37 38 39 40 41 42 43 44 45 46 47 48 49 50 51 52 53 55 56 57 58 59 60 61 
34161287 
0 1 49 1 4 6 7 8 9 10 11 12 14 16 17 18 20 21 22 27 29 30 31 32 33 34 35 36 37 38 39 40 41 42 43 44 45 46 47 48 49 50 51 52 53 55 56 57 58 59 60 61 
34161291 
0 1 2 52 61 
33669967 
0 2 2 46 51 
17260999 1 55 
882 
0 3 1 56 
886 1 59 
226 42 1 2 3 4 6 7 8 9 10 11 12 14 15 16 17 18 19 20 21 22 24 26 27 28 29 30 31 32 34 35 37 39 43 44 46 48 50 51 52 55 57 61 
16867747 
1 2 46 890 51 894 
1 2 50 898 51 902 
0 1 2 50 51 
17269199 
1 1 29 906 
1 3 45 218 49 222 59 226 
0 2 15 1 4 6 7 8 9 10 11 12 14 16 17 18 20 22 
40979 1 44 
122943 
1 3 45 218 49 222 59 226 
1 4 55 138 56 142 57 146 59 538 
0 1 44 1 2 3 4 6 7 8 9 10 11 12 14 15 16 17 18 19 20 21 22 24 26 27 28 29 30 31 32 34 35 37 39 43 44 46 48 50 51 52 55 56 57 59 61 
33964475 
1 4 55 138 56 142 57 146 59 538 
0 1 15 26 28 29 45 46 47 48 49 50 51 53 57 58 59 60 
34112047 
0 3 1 26 
690 1 29 
742 3 46 48 51 
17351395 
1 2 46 934 51 938 
0 1 15 26 28 29 45 46 47 48 49 50 51 53 57 58 59 60 
34112055 
1 2 48 942 51 938 
0 1 15 26 28 29 45 46 47 48 49 50 51 53 57 58 59 60 
34112063 
0 2 1 57 
17285599 11 26 29 45 47 49 50 51 53 58 59 60 
17343279 
0 2 1 57 
17285595 12 26 29 45 47 49 50 51 53 54 58 59 60 
17416967 
1 1 57 946 
0 3 1 26 
690 1 29 
742 2 50 51 
17457863 
1 2 50 950 51 954 
0 1 2 50 51 
17359563 
0 1 15 26 28 29 45 46 47 48 49 50 51 53 57 58 59 60 
33989375 
1 7 45 250 47 254 49 258 53 262 58 150 59 226 60 158 
1 7 45 250 47 254 49 258 53 262 58 150 59 226 60 158 
1 7 45 250 47 254 49 258 53 262 58 150 59 226 60 158 
1 3 45 218 49 222 59 226 
1 16 33 98 36 102 38 106 40 110 41 114 42 118 45 122 47 126 49 130 53 134 55 138 56 142 57 146 58 150 59 154 60 158 
0 1 15 26 28 29 45 46 47 48 49 50 51 53 57 58 59 60 
34103839 
0 3 13 8 9 10 11 12 14 15 16 17 18 19 20 22 
40979 1 46 
319735 1 59 
978 
1 1 59 310 
1 2 13 1002 59 226 
1 1 59 322 
0 1 23 1 4 6 7 8 9 10 11 12 14 15 16 17 18 19 20 22 43 44 46 52 59 61 
33768183 
0 1 25 1 4 6 7 8 9 10 11 12 14 15 16 17 18 19 20 22 43 44 46 52 56 57 59 61 
33776439 
0 4 1 56 
342 1 57 
346 1 59 
350 22 1 4 6 7 8 9 10 11 12 14 15 16 17 18 19 20 22 43 44 46 52 61 
33784635 
0 2 1 21 
738 20 1 4 6 7 8 9 10 11 12 14 16 17 18 20 22 43 44 46 52 61 
50389103 
1 7 45 250 47 254 49 258 53 262 58 150 59 226 60 158 
1 3 45 218 49 222 59 226 
1 16 33 98 36 102 38 106 40 110 41 114 42 118 45 122 47 126 49 130 53 134 55 138 56 142 57 146 58 150 59 154 60 158 
1 2 13 1002 59 226 
1 1 57 1034 
1 1 59 402 
1 3 45 218 49 222 59 226 
1 1 59 226 
1 4 55 138 56 142 57 146 59 418 
0 1 26 1 2 3 4 6 7 8 9 10 11 12 14 15 16 17 18 19 20 21 22 27 43 44 46 52 61 
17244647 
1 3 45 218 49 222 59 226 
0 1 26 1 2 3 4 6 7 8 9 10 11 12 14 15 16 17 18 19 20 21 22 27 43 44 46 52 61 
40979 
0 2 15 1 4 6 7 8 9 10 11 12 14 16 17 18 20 22 
40979 1 44 
122943 
0 1 19 1 4 6 7 8 9 10 11 12 14 16 17 18 20 22 43 44 46 52 
33685583 
0 1 19 1 4 6 7 8 9 10 11 12 14 16 17 18 20 22 43 44 46 52 
33685579 
1 3 45 218 49 222 59 226 
1 3 45 218 49 222 59 226 
1 16 33 98 36 102 38 106 40 110 41 114 42 118 45 122 47 126 49 130 53 134 55 138 56 142 57 146 58 150 59 154 60 158 
1 16 33 98 36 102 38 106 40 110 41 114 42 118 45 122 47 126 49 130 53 134 55 138 56 142 57 146 58 150 59 154 60 158 
1 7 45 250 47 254 49 258 53 262 58 150 59 226 60 158 
1 16 33 98 36 102 38 106 40 110 41 114 42 118 45 122 47 126 49 130 53 134 55 138 56 142 57 146 58 150 59 154 60 158 
1 7 45 250 47 254 49 258 53 262 58 150 59 226 60 158 
1 16 33 98 36 102 38 106 40 110 41 114 42 118 45 122 47 126 49 130 53 134 55 138 56 142 57 146 58 150 59 154 60 158 
0 1 49 1 4 6 7 8 9 10 11 12 14 16 17 18 20 21 22 27 29 30 31 32 33 34 35 36 37 38 39 40 41 42 43 44 45 46 47 48 49 50 51 52 53 55 56 57 58 59 60 61 
50954919 
1 16 33 98 36 102 38 106 40 110 41 114 42 118 45 122 47 126 49 130 53 134 55 138 56 142 57 146 58 150 59 154 60 158 
1 16 33 98 36 102 38 106 40 110 41 114 42 118 45 122 47 126 49 130 53 134 55 138 56 142 57 146 58 150 59 154 60 158 
0 1 49 1 4 6 7 8 9 10 11 12 14 16 17 18 20 21 22 27 29 30 31 32 33 34 35 36 37 38 39 40 41 42 43 44 45 46 47 48 49 50 51 52 53 55 56 57 58 59 60 61 
50954927 
1 16 33 98 36 102 38 106 40 110 41 114 42 118 45 122 47 126 49 130 53 134 55 138 56 142 57 146 58 150 59 154 60 158 
1 16 33 98 36 102 38 106 40 110 41 114 42 118 45 122 47 126 49 130 53 134 55 138 56 142 57 146 58 150 59 154 60 158 
0 1 49 1 4 6 7 8 9 10 11 12 14 16 17 18 20 21 22 27 29 30 31 32 33 34 35 36 37 38 39 40 41 42 43 44 45 46 47 48 49 50 51 52 53 55 56 57 58 59 60 61 
50954935 
1 2 58 518 59 522 
0 2 1 54 
626 49 1 4 6 7 8 9 10 11 12 14 16 17 18 20 21 22 27 29 30 31 32 33 34 35 36 37 38 39 40 41 42 43 44 45 46 47 48 49 50 51 52 53 55 56 57 58 59 60 61 
50954899 
0 2 1 27 
822 31 1 4 6 7 8 9 10 11 12 14 16 17 18 20 21 22 30 31 32 34 35 37 39 43 44 46 48 50 51 52 61 
50438751 
0 3 1 30 
550 1 32 
558 30 1 4 6 7 8 9 10 11 12 14 16 17 18 20 21 22 27 31 34 35 37 39 43 44 46 48 50 51 52 61 
50438755 
0 2 1 30 
550 31 1 4 6 7 8 9 10 11 12 14 16 17 18 20 21 22 27 31 32 34 35 37 39 43 44 46 48 50 51 52 61 
50438759 
0 2 1 55 
882 32 1 4 6 7 8 9 10 11 12 14 16 17 18 20 21 22 27 30 31 32 34 35 37 39 43 44 46 48 50 51 52 61 
50438747 
1 3 45 218 49 222 59 226 
1 3 45 218 49 222 59 226 
0 1 44 1 2 3 4 6 7 8 9 10 11 12 14 15 16 17 18 19 20 21 22 24 26 27 28 29 30 31 32 34 35 37 39 43 44 46 48 50 51 52 55 56 57 59 61 
50741695 
1 3 45 218 49 222 59 226 
0 1 44 1 2 3 4 6 7 8 9 10 11 12 14 15 16 17 18 19 20 21 22 24 26 27 28 29 30 31 32 34 35 37 39 43 44 46 48 50 51 52 55 56 57 59 61 
50741699 
1 2 58 518 59 522 
1 3 45 218 49 222 59 226 
1 2 3 1150 21 798 
1 1 44 1154 
0 1 25 1 2 3 4 6 7 8 9 10 11 12 14 15 16 17 18 19 20 21 22 43 44 46 52 61 
50471099 
0 1 26 1 2 3 4 6 7 8 9 10 11 12 14 15 16 17 18 19 20 21 22 27 43 44 46 52 61 
17228175 
0 2 1 27 
1158 25 1 2 3 4 6 7 8 9 10 11 12 14 15 16 17 18 19 20 21 22 43 44 46 52 61 
50594187 
0 1 57 1 2 3 4 6 7 8 9 10 11 12 14 15 16 17 18 19 20 21 22 24 26 27 28 29 30 31 32 33 34 35 36 37 38 39 40 41 42 43 44 45 46 47 48 49 50 51 52 53 54 55 56 57 58 59 60 61 
50971403 
0 1 15 26 28 29 45 46 47 48 49 50 51 53 57 58 59 60 
50889259 
1 7 45 250 47 254 49 258 53 262 58 150 59 226 60 158 
0 1 15 26 28 29 45 46 47 48 49 50 51 53 57 58 59 60 
50889267 
1 7 45 250 47 254 49 258 53 262 58 150 59 226 60 158 
0 1 15 26 28 29 45 46 47 48 49 50 51 53 57 58 59 60 
50889275 
1 7 45 250 47 254 49 258 53 262 58 654 59 658 60 158 
0 2 1 27 
686 21 1 4 6 7 8 9 10 11 12 14 16 17 18 20 21 22 43 44 46 52 61 
50487499 
0 1 22 1 4 6 7 8 9 10 11 12 14 16 17 18 20 21 22 27 43 44 46 52 61 
50610679 
0 3 1 26 
690 1 29 
742 6 28 46 48 50 51 57 
50856467 
0 2 1 55 
882 3 26 29 57 
50856463 
0 4 1 30 
550 1 31 
554 1 32 
558 22 1 4 6 7 8 9 10 11 12 14 16 17 18 20 21 22 27 43 44 46 52 61 
50848255 
1 1 29 1174 
1 13 8 54 9 58 10 62 11 66 12 70 14 1178 15 1182 16 1186 17 1190 18 1194 19 1198 20 1202 22 1206 
0 1 17 8 9 10 11 12 14 15 16 17 18 19 20 22 43 44 46 52 
17113351 
1 1 46 1218 
0 3 13 8 9 10 11 12 14 15 16 17 18 19 20 22 
40979 1 46 
17096955 1 52 
1222 
0 1 21 1 4 6 7 8 9 10 11 12 14 16 17 18 20 21 22 43 44 46 52 61 
50520235 
0 1 13 8 9 10 11 12 14 15 16 17 18 19 20 22 
40979 
0 1 21 1 4 6 7 8 9 10 11 12 14 16 17 18 20 21 22 43 44 46 52 61 
50585839 
0 1 24 1 4 6 7 8 9 10 11 12 14 15 16 17 18 19 20 21 22 43 44 46 52 57 61 
17105155 
0 1 21 1 4 6 7 8 9 10 11 12 14 16 17 18 20 21 22 43 44 46 52 61 
50528435 
0 1 21 1 4 6 7 8 9 10 11 12 14 16 17 18 20 21 22 43 44 46 52 61 
50495699 
0 2 1 55 
882 8 26 28 29 46 48 50 51 57 
50856463 
0 4 1 30 
550 1 31 
554 1 32 
558 21 1 4 6 7 8 9 10 11 12 14 16 17 18 20 21 22 43 44 46 52 61 
50618875 
1 1 57 33857767 
1 3 23 1234 42 1238 59 226 
0 1 21 1 4 6 7 8 9 10 11 12 14 16 17 18 20 21 22 43 44 46 52 61 
50512035 
0 2 1 21 
798 20 1 4 6 7 8 9 10 11 12 14 16 17 18 20 22 43 44 46 52 61 
67166295 
0 1 21 1 4 6 7 8 9 10 11 12 14 16 17 18 20 21 22 43 44 46 52 61 
50627055 
0 1 21 1 4 6 7 8 9 10 11 12 14 16 17 18 20 21 22 43 44 46 52 61 
50503899 
0 3 1 24 
774 1 55 
882 26 1 2 3 4 6 7 8 9 10 11 12 14 15 16 17 18 19 20 21 22 27 43 44 46 52 61 
467427 
0 1 26 1 2 3 4 6 7 8 9 10 11 12 14 15 16 17 18 19 20 21 22 27 43 44 46 52 61 
50733467 
1 1 44 1254 
0 1 22 1 3 4 6 7 8 9 10 11 12 14 16 17 18 20 21 22 43 44 46 52 61 
50479299 
0 3 1 24 
774 1 55 
882 22 1 3 4 6 7 8 9 10 11 12 14 16 17 18 20 21 22 43 44 46 52 61 
467427 
1 4 30 550 31 554 32 558 35 1262 
0 4 1 30 
550 1 31 
554 1 32 
558 29 1 4 6 7 8 9 10 11 12 14 16 17 18 20 21 22 27 34 35 37 39 43 44 46 48 50 51 52 61 
67723887 
0 2 1 27 
822 31 1 4 6 7 8 9 10 11 12 14 16 17 18 20 21 22 30 31 32 34 35 37 39 43 44 46 48 50 51 52 61 
67723891 
0 4 1 30 
550 1 31 
554 1 32 
558 29 1 4 6 7 8 9 10 11 12 14 16 17 18 20 21 22 27 34 35 37 39 43 44 46 48 50 51 52 61 
50930251 
0 1 32 1 4 6 7 8 9 10 11 12 14 16 17 18 20 21 22 27 30 31 32 34 35 37 39 43 44 46 48 50 51 52 61 
50922055 
0 4 1 30 
550 1 31 
554 1 32 
558 3 44 46 52 
17425131 
1 2 44 1266 52 1270 
1 2 46 1274 51 846 
1 2 46 1278 52 1270 
0 4 1 30 
550 1 31 
554 1 32 
558 3 46 48 51 
50987743 
0 4 1 30 
550 1 31 
554 1 32 
558 2 50 51 
51004095 
0 1 2 50 51 
50995927 
0 2 1 55 
882 41 1 2 3 4 6 7 8 9 10 11 12 14 15 16 17 18 19 20 21 22 24 26 27 28 29 30 31 32 34 35 37 39 43 44 46 48 50 51 52 57 61 
50422183 
0 2 1 59 
226 43 1 2 3 4 6 7 8 9 10 11 12 14 15 16 17 18 19 20 21 22 24 26 27 28 29 30 31 32 34 35 37 39 43 44 46 48 50 51 52 55 56 57 61 
17252783 
0 2 1 56 
1282 42 1 2 3 4 6 7 8 9 10 11 12 14 15 16 17 18 19 20 21 22 24 26 27 28 29 30 31 32 34 35 37 39 43 44 46 48 50 51 52 55 57 61 
50422187 
0 2 2 46 51 
50815435 1 55 
882 
0 1 2 50 51 
50823635 
0 1 2 50 51 
50831831 
0 2 20 8 9 10 11 12 14 15 16 17 18 19 20 21 22 43 44 46 50 51 52 
40979 1 55 
882 
0 2 15 1 4 6 7 8 9 10 11 12 14 16 17 18 20 22 
40979 1 44 
122943 
0 1 20 1 4 6 7 8 9 10 11 12 14 16 17 18 20 22 43 44 46 52 61 
83943515 
1 4 55 138 56 142 57 146 59 538 
0 3 1 26 
690 1 29 
742 3 46 48 51 
50905831 
0 3 1 26 
690 1 29 
742 2 50 51 
51012291 
0 1 2 50 51 
50913999 
1 2 13 1002 59 226 
1 2 53 262 59 226 
1 3 45 218 49 222 59 226 
1 1 59 1322 
1 3 45 218 49 222 59 226 
1 4 55 138 56 142 57 146 59 538 
1 2 22 1346 59 226 
0 1 13 8 9 10 11 12 14 15 16 17 18 19 20 22 
40979 
1 3 45 218 49 222 59 226 
0 1 17 8 9 10 11 12 14 15 16 17 18 19 20 22 43 44 46 52 
33619995 
0 1 17 8 9 10 11 12 14 15 16 17 18 19 20 22 43 44 46 52 
16851251 
1 2 29 750 57 303339 
0 1 17 8 9 10 11 12 14 15 16 17 18 19 20 22 43 44 46 52 
33890575 
0 1 17 8 9 10 11 12 14 15 16 17 18 19 20 22 43 44 46 52 
33890571 
0 3 13 8 9 10 11 12 14 15 16 17 18 19 20 22 
40979 1 44 
1378 1 52 
1222 
0 2 15 1 4 6 7 8 9 10 11 12 14 16 17 18 20 22 
40979 1 44 
122943 
0 2 15 1 4 6 7 8 9 10 11 12 14 16 17 18 20 22 
40979 1 43 
122943 
0 2 1 45 
1390 21 1 4 6 7 8 9 10 11 12 14 16 17 18 20 21 22 43 44 46 52 61 
67346655 
0 1 22 1 4 6 7 8 9 10 11 12 14 16 17 18 20 21 22 43 44 45 46 52 61 
17088895 
0 1 26 1 2 3 4 6 7 8 9 10 11 12 14 15 16 17 18 19 20 21 22 27 43 44 46 52 61 
40979 
0 1 20 1 4 6 7 8 9 10 11 12 14 16 17 18 20 22 43 44 46 52 61 
83943555 
0 1 22 1 3 4 6 7 8 9 10 11 12 14 16 17 18 20 21 22 43 44 46 52 61 
40979 
1 16 33 98 36 102 38 106 40 110 41 114 42 118 45 122 47 126 49 130 53 134 55 138 56 142 57 146 58 150 59 154 60 158 
0 1 49 1 4 6 7 8 9 10 11 12 14 16 17 18 20 21 22 27 29 30 31 32 33 34 35 36 37 38 39 40 41 42 43 44 45 46 47 48 49 50 51 52 53 55 56 57 58 59 60 61 
84509339 
1 16 33 98 36 102 38 106 40 110 41 114 42 118 45 122 47 126 49 130 53 134 55 138 56 142 57 146 58 150 59 154 60 158 
0 1 49 1 4 6 7 8 9 10 11 12 14 16 17 18 20 21 22 27 29 30 31 32 33 34 35 36 37 38 39 40 41 42 43 44 45 46 47 48 49 50 51 52 53 55 56 57 58 59 60 61 
84509347 
0 1 49 1 4 6 7 8 9 10 11 12 14 16 17 18 20 21 22 27 29 30 31 32 33 34 35 36 37 38 39 40 41 42 43 44 45 46 47 48 49 50 51 52 53 55 56 57 58 59 60 61 
84509343 
1 3 45 218 49 222 59 226 
0 1 20 8 9 10 11 12 14 15 16 17 18 19 20 21 22 43 44 46 50 51 52 
33636383 
1 1 44 1414 
0 1 26 1 2 3 4 6 7 8 9 10 11 12 14 15 16 17 18 19 20 21 22 27 43 44 46 52 61 
50782611 
1 1 46 50651379 
0 2 1 21 
1418 17 8 9 10 11 12 14 15 16 17 18 19 20 22 43 44 46 52 
33628435 
0 1 18 8 9 10 11 12 14 15 16 17 18 19 20 21 22 43 44 46 52 
17129783 
1 1 29 1422 
0 2 1 21 
1426 17 8 9 10 11 12 14 15 16 17 18 19 20 22 43 44 46 52 
33628443 
0 2 18 8 9 10 11 12 14 15 16 17 18 19 20 21 22 43 44 46 52 
17137991 1 59 
226 
1 1 29 1430 
0 2 1 21 
1434 17 8 9 10 11 12 14 15 16 17 18 19 20 22 43 44 46 52 
33628447 
0 1 18 8 9 10 11 12 14 15 16 17 18 19 20 21 22 43 44 46 52 
17146191 
0 2 1 21 
614 17 8 9 10 11 12 14 15 16 17 18 19 20 22 43 44 46 52 
33628451 
0 2 1 21 
1438 17 8 9 10 11 12 14 15 16 17 18 19 20 22 43 44 46 52 
33628455 
0 1 18 8 9 10 11 12 14 15 16 17 18 19 20 21 22 43 44 46 52 
17154367 
1 1 59 226 
1 1 57 1446 
0 2 1 21 
1450 17 8 9 10 11 12 14 15 16 17 18 19 20 22 43 44 46 52 
33628459 
0 1 18 8 9 10 11 12 14 15 16 17 18 19 20 21 22 43 44 46 52 
17162583 
0 2 18 8 9 10 11 12 14 15 16 17 18 19 20 21 22 43 44 46 52 
17203563 1 57 
1454 
0 3 13 8 9 10 11 12 14 15 16 17 18 19 20 22 
40979 1 43 
1458 1 52 
1222 
0 2 1 21 
1426 17 8 9 10 11 12 14 15 16 17 18 19 20 22 43 44 46 52 
33628439 
1 1 57 1462 
0 1 24 1 4 6 7 8 9 10 11 12 14 15 16 17 18 19 20 21 22 43 44 46 52 57 61 
50659583 
1 1 44 1466 
1 1 43 1470 
0 5 15 1 4 6 7 8 9 10 11 12 14 16 17 18 20 22 
40979 1 23 
1234 1 42 
1238 1 46 
122943 1 59 
226 
0 1 26 1 2 3 4 6 7 8 9 10 11 12 14 15 16 17 18 19 20 21 22 27 43 44 46 52 61 
84287895 
0 1 22 1 3 4 6 7 8 9 10 11 12 14 16 17 18 20 21 22 43 44 46 52 61 
84156831 
0 4 1 30 
550 1 31 
554 1 32 
558 29 1 4 6 7 8 9 10 11 12 14 16 17 18 20 21 22 27 34 35 37 39 43 44 46 48 50 51 52 61 
101278315 
0 4 1 30 
550 1 31 
554 1 32 
558 3 44 46 52 
50979567 
0 2 1 59 
226 43 1 2 3 4 6 7 8 9 10 11 12 14 15 16 17 18 19 20 21 22 24 26 27 28 29 30 31 32 34 35 37 39 43 44 46 48 50 51 52 55 56 57 61 
50807219 
0 1 20 1 4 6 7 8 9 10 11 12 14 16 17 18 20 22 43 44 46 52 61 
117497951 
1 2 53 262 59 226 
1 3 45 218 49 222 59 226 
1 3 45 218 49 222 59 226 
1 2 13 1002 59 226 
1 1 59 1322 
1 4 55 138 56 142 57 146 59 538 
0 2 18 8 9 10 11 12 14 15 16 17 18 19 20 21 22 43 44 46 52 
33980775 1 57 
1454 
1 1 59 226 
1 2 22 1346 59 226 
1 1 59 226 
0 1 13 8 9 10 11 12 14 15 16 17 18 19 20 22 
40979 
1 3 23 1234 42 1238 59 226 
0 1 22 1 4 6 7 8 9 10 11 12 14 16 17 18 20 21 22 43 44 45 46 52 61 
50643319 
1 3 23 1234 42 1238 59 226 
1 1 46 1530 
1 2 45 1390 46 1534 
0 1 18 8 9 10 11 12 14 15 16 17 18 19 20 21 22 43 44 46 52 
50684219 
0 1 18 8 9 10 11 12 14 15 16 17 18 19 20 21 22 43 44 46 52 
50725215 
0 2 18 8 9 10 11 12 14 15 16 17 18 19 20 21 22 43 44 46 52 
50692427 1 59 
226 
0 1 18 8 9 10 11 12 14 15 16 17 18 19 20 21 22 43 44 46 52 
50749795 
0 1 18 8 9 10 11 12 14 15 16 17 18 19 20 21 22 43 44 46 52 
50700627 
0 1 18 8 9 10 11 12 14 15 16 17 18 19 20 21 22 43 44 46 52 
50708803 
0 1 19 8 9 10 11 12 14 15 16 17 18 19 20 21 22 43 44 46 52 57 
50774383 
0 1 18 8 9 10 11 12 14 15 16 17 18 19 20 21 22 43 44 46 52 
50717019 
0 1 19 8 9 10 11 12 14 15 16 17 18 19 20 21 22 43 44 46 52 57 
50774387 
0 3 13 8 9 10 11 12 14 15 16 17 18 19 20 22 
40979 1 44 
1538 1 52 
1222 
0 2 1 45 
1390 21 1 4 6 7 8 9 10 11 12 14 16 17 18 20 21 22 43 44 46 52 61 
117686499 
1 2 44 1542 45 1390 
0 1 22 1 4 6 7 8 9 10 11 12 14 16 17 18 20 21 22 43 44 45 46 52 61 
67420551 
0 1 22 1 4 6 7 8 9 10 11 12 14 16 17 18 20 21 22 43 44 45 46 52 61 
67420547 
0 1 17 8 9 10 11 12 14 15 16 17 18 19 20 22 43 44 46 52 
83960111 
0 1 22 1 4 6 7 8 9 10 11 12 14 16 17 18 20 21 22 43 44 45 46 52 61 
84197755 

