- Current Two-Line Element Sets #144 -
Alouette 1 
1 00424U 62B-A  1 93 42.07706796  .00000084  00000-0  94126-4 0  7019
2 00424  80.4630  49.5294 0022509 301.1585  58.7352 13.67750702515264
ATS 3      
1 03029U 67111  A 93 42.93242651 -.00000079  00000-0  99999-4 0  9154
2 03029  14.2806  12.3488 0013138 252.1086 107.7573  1.00272380 92524
Cosmos 398 
1 04966U 71 16  A 93 47.89994694  .00087551  26549-4  27246-3 0   284
2 04966  51.4663 290.6378 1466951 115.7051 260.2681 12.85570122707911
Starlette  
1 07646U 75010  A 93 48.00962256  .00000159  00000-0  21987-3 0  4945
2 07646  49.8267 267.9272 0206416 173.8364 186.5139 13.82186360910749
LAGEOS     
1 08820U 76039  A 93 43.75806200  .00000003  00000-0  99999-4 0  5718
2 08820 109.8629 327.9289 0043784  29.4229 330.8839  6.38664533135893
ETS-2      
1 09852U 77014  A 93 27.46401879 -.00000300  00000-0  99999-4 0  7578
2 09852  11.2164  47.5877 0001396 245.5728 114.5083  1.00007047  5412
GOES 2     
1 10061U 77048  A 93 46.62987506  .00000107  00000-0  99999-4 0  9480
2 10061  10.2547  51.6784 0003897 225.2490 319.8809  1.00263025  2246
IUE        
1 10637U 78012  A 93 46.69318980 -.00000189  00000-0  00000+0 0  6929
2 10637  33.8387 102.8381 1317834  21.2115 220.8480  1.00295971  8010
GPS-0001   
1 10684U 78020  A 93 45.52732208 -.00000005  00000-0  99999-4 0   138
2 10684  64.3592  60.0370 0065076 164.2767 195.9687  1.98069851 95278
GPS-0002   
1 10893U 78 47  A 93 46.21665861 -.00000013  00000-0  99999-4 0  7547
2 10893  63.8198 299.9704 0205116  13.3840 347.2071  2.01629162108251
GOES 3     
1 10953U 78062  A 93 46.61898541  .00000095  00000-0  99999-4 0  6669
2 10953   9.1752  54.3941 0003292 124.6230  14.2208  1.00254588  6842
SeaSat 1   
1 10967U 78064  A 93 46.96188600  .00000190  00000-0  10536-3 0  9547
2 10967 108.0085 175.8132 0002094 252.1266 107.9649 14.37771500766474
GPS-0003   
1 11054U 78093  A 93 42.82188025 -.00000012  00000-0  99999-4 0  8655
2 11054  63.5275 296.1797 0043510 173.8706 186.2450  1.93505214105021
Nimbus 7   
1 11080U 78098  A 93 42.70309339  .00000070  00000-0  78867-4 0   273
2 11080  99.1185 298.0091 0009317  14.1344 346.0070 13.83700971722247
GPS-0004   
1 11141U 78112  A 93 43.97437556 -.00000005  00000-0  99999-4 0  5656
2 11141  64.3499  60.4997 0048706  23.0946 337.1589  1.92894854103560
GPS-0005   
1 11690U 80 11  A 93 39.27516633 -.00000003  00000-0  99999-4 0  5139
2 11690  64.7109  62.2026 0139125 199.9292 159.5785  2.00550164109638
GPS-0006   
1 11783U 80 32  A 93 30.67982223 -.00000011  00000-0  99999-4 0  7469
2 11783  62.9688 295.0091 0201203  28.9602 332.5082  2.03456218 93738
GOES 5     
1 12472U 81049  A 93 46.99068350 -.00000205  00000-0  99999-4 0  4835
2 12472   5.7930  63.7048 0005463 316.4740  43.6611  1.00224006   896
Cosmos 1383
1 13301U 82 66  A 93 42.78742996  .00000076  00000-0  81872-4 0   219
2 13301  82.9339 309.3057 0028513   8.4824 351.6803 13.68031148530375
LandSat 4  
1 13367U 82 72  A 93 46.19454709  .00000350  00000-0  82744-4 0  6657
2 13367  98.2472 106.5724 0006649 332.3604  27.7245 14.57104850563146
IRAS       
1 13777U 83  4  A 93 40.28620048 -.00000091  00000-0 -51066-4 0  3129
2 13777  98.9842 236.1530 0012129 235.6258 124.3759 13.99155374182305
Cosmos 1447
1 13916U 83 21  A 93 40.01035423  .00000106  00000-0  10006-3 0  1009
2 13916  82.9430  16.4317 0038422 325.9620  33.9068 13.74277658495597
TDRS 1     
1 13969U 83 26  B 93 46.42621735  .00000121  00000-0  99999-4 0  9206
2 13969   6.7140  56.2337 0003782 316.2713 115.4521  1.00269801  9170
GOES 6     
1 14050U 83 41  A 93 47.12261500 -.00000138  00000-0  99999-4 0  8571
2 14050   4.5678  66.4710 0004088 287.0880 101.5470  1.00323573  7918
OSCAR 10   
1 14129U 83 58  B 93 34.09502976 -.00000027  00000-0  99999-4 0  9683
2 14129  27.0236  41.6607 6012183  54.7431 347.8844  2.05880407 44536
GPS-0008   
1 14189U 83 72  A 93 39.49999999 -.00000006  00000-0  99999-4 0  3983
2 14189  63.9185  57.5695 0137257 234.9620 160.7592  2.00563540 70164
LandSat 5  
1 14780U 84 21  A 93 46.16624247  .00000302  00000-0  72151-4 0  4696
2 14780  98.2308 108.7136 0004490 343.9814  16.1175 14.57107869476553
UoSat 2    
1 14781U 84 21  B 93 46.09611398  .00000549  00000-0  10184-3 0  4007
2 14781  97.8238  77.8331 0012964  31.5913 328.6069 14.68858390478794
GPS-0009   
1 15039U 84 59  A 93 43.61045289 -.00000007  00000-0  99999-4 0  7869
2 15039  63.6785  56.4037 0045960 228.3692 131.2704  2.00566249 63524
Cosmos 1574
1 15055U 84 62  A 93 42.54861175  .00000087  00000-0  86263-4 0  3539
2 15055  82.9537  66.8697 0027903 139.3591 220.9666 13.73576558433276
GPS-0010   
1 15271U 84 97  A 93 43.55324189 -.00000012  00000-0  99999-4 0  4358
2 15271  62.6400 294.3331 0131266 342.7235  16.8959  2.00567400 60633
Cosmos 1602
1 15331U 84105  A 93 45.38893750  .00001193  00000-0  14080-3 0   143
2 15331  82.5340 174.2702 0021297  17.5430 342.6516 14.83779612452164
NOAA 9     
1 15427U 84123  A 93 47.03516395  .00000089  00000-0  57793-4 0  2964
2 15427  99.1163  85.0387 0015335 147.1441 213.0667 14.13482034421664
GPS-0011   
1 16129U 85 93  A 93 43.77750151 -.00000005  00000-0  99999-4 0  1599
2 16129  64.4351  58.2008 0127330 143.3606 217.5560  2.00564426   348
Mir        
1 16609U 86 17  A 93 47.84359858  .00014487  00000-0  18959-3 0  8849
2 16609  51.6204 103.7834 0002831  34.8906 325.2107 15.58865030400366
SPOT 1     
1 16613U 86 19  A 93 46.40239333 -.00000397  00000-0 -17745-3 0   180
2 16613  98.7373 122.3819 0000817  91.1731 268.9563 14.20156319 47473
Cosmos 1766
1 16881U 86 55  A 93 46.00489550  .00000866  00000-0  10369-3 0  8622
2 16881  82.5171 231.9279 0020946  35.0220 325.2367 14.82857078353241
EGP        
1 16908U 86 61  A 93 47.58049379 -.00000025  00000-0  99999-4 0  6436
2 16908  50.0094 137.3315 0012077 159.0619 201.0712 12.44406906296304
NOAA 10    
1 16969U 86 73  A 93 47.00043746  .00000188  00000-0  89045-4 0  1441
2 16969  98.5244  65.5739 0012670 313.4967  46.5167 14.24764921333377
MOS-1      
1 17527U 87 18  A 93 46.22958268  .00000117  00000-0  99999-4 0  4454
2 17527  99.0936 118.6680 0001067 137.2543 222.8730 13.94878607305059
GOES 7     
1 17561U 87 22  A 93 44.28987992 -.00000019  00000-0  99999-4 0  3054
2 17561   0.4613  83.2868 0004046 312.8302  99.1963  1.00273504  5075
Kvant-1    
1 17845U 87 30  A 93 47.84359967 -.00036099  00000-0 -45846-3 0  2685
2 17845  51.6224 103.7866 0002501  37.2438 322.8703 15.58843639400363
DMSP B5D2-3
1 18123U 87 53  A 93 48.04068448  .00000173  00000-0  98216-4 0  7366
2 18123  98.7960 241.6357 0014897 121.5608 238.6995 14.15243917292389
RS-10/11   
1 18129U 87 54  A 93 47.70783046  .00000168  00000-0  17254-3 0  5558
2 18129  82.9282 327.6639 0010635 297.4794  62.5267 13.72308492283322
Meteor 2-16
1 18312U 87 68  A 93 43.07343685  .00000094  00000-0  78865-4 0  9956
2 18312  82.5517 240.5429 0013539  50.3474 309.8877 13.83983467277263
Meteor 2-17
1 18820U 88  5  A 93 38.77229793  .00000091  00000-0  75662-4 0  8527
2 18820  82.5454 301.8563 0017353 125.9575 234.3197 13.84672292253933
DMSP B5D2-4
1 18822U 88  6  A 93 47.85758831  .00000211  00000-0  11085-3 0  6394
2 18822  98.5085 276.2319 0006151 328.6471  31.4332 14.22797342261503
Glonass 34 
1 19163U 88 43  A 93 39.28981789  .00000017  00000-0  99999-4 0  6533
2 19163  64.9531 126.9766 0007265 179.1784 180.8700  2.13102220 36134
Glonass 36 
1 19165U 88 43  C 93 39.34560009  .00000017  00000-0  99999-4 0  8510
2 19165  64.9020 126.9521 0004427 329.2901  30.7318  2.13102554 36750
METEOSAT 3 
1 19215U 88 51  A 93 46.23575916 -.00000210  00000-0  99999-4 0  5753
2 19215   0.6427  73.0867 0001242 194.0991 254.1598  0.99995186  5029
AO-13      
1 19216U 88 51  B 93 45.46345107 -.00000062  00000-0  99999-4 0  5637
2 19216  57.6475 332.9272 7262121 308.3679   6.4386  2.09722755  4280
OKEAN 1    
1 19274U 88 56  A 93 39.77706107  .00000652  00000-0  81132-4 0  5593
2 19274  82.5195 337.1151 0019564 187.8940 172.1970 14.81693324248000
Meteor 3-2 
1 19336U 88 64  A 93 45.11623004  .00000043  00000-0  99999-4 0   229
2 19336  82.5461 309.0495 0018658  42.5340 317.7241 13.16955602219012
Glonass 39 
1 19503U 88 85  C 93 39.83764728 -.00000021  00000-0  99999-4 0  9067
2 19503  65.6993   5.9275 0006718 178.7707 181.2222  2.13101931 34258
NOAA 11    
1 19531U 88 89  A 93 47.14200675  .00000254  00000-0  15707-3 0   478
2 19531  99.1163  20.6309 0012745  59.6493 300.5919 14.12826250226586
TDRS 2     
1 19548U 88 91  B 93 46.58484316 -.00000258  00000-0  00000+0 0  5928
2 19548   0.0121 197.6288 0002410 125.3457 331.1426  1.00265796  3322
Glonass 40 
1 19749U 89  1  A 93 47.38671768  .00000017  00000-0  00000+0 0  9680
2 19749  64.8987 126.3177 0006428 267.2282  92.7417  2.13101654 31940
Glonass 41 
1 19750U 89  1  B 93 41.34361476  .00000017  00000-0  99999-4 0  8616
2 19750  64.9124 126.5572 0007393 251.2402 108.7307  2.13101921 31815
GPS BII-01 
1 19802U 89 13  A 93 43.62006025  .00000015  00000-0  99999-4 0  5688
2 19802  55.0482 159.0958 0040088 172.8451 187.2025  2.00574095 29234
Akebono    
1 19822U 89 16  A 93 48.09987056  .00019315  00000-0  11333-2 0  7668
2 19822  75.1576  92.5835 3891975 282.1900  37.8244  7.64053809 71874
Meteor 2-18
1 19851U 89 18  A 93 42.82302713  .00000100  00000-0  84194-4 0  7959
2 19851  82.5205 174.8553 0014499 158.1592 202.0188 13.84319416199841
MOP-1      
1 19876U 89 20  B 93 47.12838777  .00000019  00000-0  00000+0 0  5249
2 19876   0.2540   4.4483 0002804 340.8434 206.8377  1.00277346  2260
TDRS 3     
1 19883U 89 21  B 93 46.40241962 -.00000240  00000-0  00000+0 0  5924
2 19883   0.0589 238.9516 0002314  70.2871 299.9737  1.00266772 84629
GPS BII-02 
1 20061U 89 44  A 93 42.96656315 -.00000032  00000-0  99999-4 0  5736
2 20061  54.8566 336.4244 0116233 200.6526 158.9438  2.00560537 26967
Nadezhda 1 
1 20103U 89 50  A 93 47.15699974  .00000080  00000-0  78904-4 0  7078
2 20103  82.9595 286.1758 0036670 202.1601 157.7972 13.73810563181574
GPS BII-03 
1 20185U 89 64  A 93 43.30280188  .00000015  00000-0  99999-4 0  5173
2 20185  54.8912 159.8101 0009200 197.5793 162.3779  2.00573779 25545
GMS 4      
1 20217U 89 70  A 93 45.27697999 -.00000256  00000-0  99999-4 0  5859
2 20217   0.2725 348.5225 0000997  13.6401  21.8536  1.00278396 13172
GPS BII-04 
1 20302U 89 85  A 93 43.33110113 -.00000011  00000-0  99999-4 0  5144
2 20302  53.9015 277.1262 0013112 336.1232  23.8703  2.00555639 24348
Meteor 3-3 
1 20305U 89 86  A 93 47.00479085  .00000043  00000-0  99999-4 0  6978
2 20305  82.5439 250.3460 0018007  56.8259 303.4586 13.16009122159160
COBE       
1 20322U 89 89  A 93 38.06847972  .00000025  00000-0  27412-4 0  6588
2 20322  98.9990  55.0972 0008478 201.1770 158.9046 14.03386319164943
Kvant-2    
1 20335U 89 93  A 93 47.84359911 -.00023894  00000-0 -30138-3 0  3692
2 20335  51.6217 103.7858 0002663  36.9636 323.1483 15.58849661400369
GPS BII-05 
1 20361U 89 97  A 93 43.34716620  .00000005  00000-0  99999-4 0  4655
2 20361  55.2736 101.7876 0072419  94.2283 266.6606  2.00564431 13824
SPOT 2     
1 20436U 90  5  A 93 46.79263585  .00000100  00000-0  55770-4 0  1278
2 20436  98.7135 123.7948 0001077 123.4093 236.7122 14.20038682159069
UO-14      
1 20437U 90  5  B 93 47.70497863  .00000149  00000-0  66053-4 0  7218
2 20437  98.6237 133.2942 0011109 175.2832 184.8457 14.29735882160213
UO-15      
1 20438U 90  5  C 93 43.21927081  .00000166  00000-0  73193-4 0  5446
2 20438  98.6261 128.3178 0010033 190.8033 169.2930 14.29104946159524
PACSAT     
1 20439U 90  5  D 93 46.10058181  .00000195  00000-0  83708-4 0  5449
2 20439  98.6313 132.4918 0011058 180.0793 180.0392 14.29795854159991
DO-17      
1 20440U 90  5  E 93 43.72242124  .00000192  00000-0  82144-4 0  5460
2 20440  98.6309 130.3095 0011191 188.0644 172.0363 14.29927437159669
WO-18      
1 20441U 90  5  F 93 35.22338149  .00000233  00000-0  98128-4 0  5476
2 20441  98.6311 121.9214 0011597 215.3259 144.7153 14.29908715158455
LO-19      
1 20442U 90  5  G 93 46.07887758  .00000203  00000-0  86680-4 0  5452
2 20442  98.6319 132.8348 0012282 180.8662 179.2508 14.30000338160017
GPS BII-06 
1 20452U 90  8  A 93 42.74806602  .00000010  00000-0  99999-4 0  5155
2 20452  54.1309 216.4729 0050801  66.0256 294.4854  2.00575017 22318
MOS-1B     
1 20478U 90 13  A 93 46.20310744  .00000117  00000-0  99999-4 0  1391
2 20478  99.0873 122.8316 0000438  17.7152 342.3993 13.94884015 74759
DEBUT      
1 20479U 90 13  B 93 45.19475844  .00000027  00000-0  88751-4 0  4894
2 20479  99.0584 284.6133 0540940   5.2044 355.4379 12.83297325141546
FO-20      
1 20480U 90 13  C 93 44.20455127  .00000017  00000-0  67260-4 0  4384
2 20480  99.0594 283.7688 0540939   7.5528 353.3323 12.83217568141417
MOS-1B R/B 
1 20491U 90 13  D 93 47.24040537  .00000197  00000-0  41812-3 0  6686
2 20491  99.0745 316.8751 0469855 266.4559  88.2720 13.02970974143374
LACE       
1 20496U 90 15  A 93 45.72445442  .00005618  00000-0  20224-3 0   634
2 20496  43.1101 293.5347 0013871 100.9468 259.3064 15.29335596166789
Nadezhda 2 
1 20508U 90 17  A 93 46.45902221  .00000028  00000-0  23842-4 0  6540
2 20508  82.9482  61.4237 0044728 153.1103 207.2383 13.73442984148735
OKEAN 2    
1 20510U 90 18  A 93 47.61915155  .00000889  00000-0  12016-3 0   115
2 20510  82.5246 275.6660 0019590 342.6416  17.4117 14.77878177159934
INTELSAT-6 
1 20523U 90 21  A 93 47.00327216 -.00000216  00000-0  99999-4 0   460
2 20523   0.0185 211.8486 0000629 149.8238 110.9788  1.00269794  3791
GPS BII-07 
1 20533U 90 25  A 93 43.65335495 -.00000032  00000-0  99999-4 0  5157
2 20533  55.1877 336.7679 0038581  85.1934 275.2615  2.00574523 21104
PegSat     
1 20546U 90 28  A 93 47.95964284  .00016451  00000-0  49680-3 0  2558
2 20546  94.1187  26.1833 0090315 340.6352  19.1470 15.30218508157832
HST        
1 20580U 90 37  B 93 47.45824701  .00001874  00000-0  16456-3 0   343
2 20580  28.4678 122.1315 0004532 214.0854 145.9434 14.92332894153469
MACSAT 2   
1 20608U 90 43  B 93 41.40130046  .00000501  00000-0  85645-4 0  7027
2 20608  89.9211 184.0589 0108320  10.8220 349.5287 14.64354796147302
Glonass 44 
1 20619U 90 45  A 93 47.28704801 -.00000022  00000-0  00000+0 0  4796
2 20619  65.3106   5.5194 0024372 218.0928 141.7230  2.13102652 21400
Glonass 45 
1 20620U 90 45  B 93 46.93606752 -.00000022  00000-0  00000+0 0  5257
2 20620  65.2884   5.5245 0007043  22.8897 337.1316  2.13102221 21401
Glonass 46 
1 20621U 90 45  C 93 42.30545801 -.00000022  00000-0  99999-4 0  3687
2 20621  65.3173   5.7206 0014090 208.7002 151.2153  2.13101327 21305
Kristall   
1 20635U 90 48  A 93 47.84359911 -.00034998  00000-0 -44423-3 0  1694
2 20635  51.6222 103.7872 0002516  36.9664 323.1445 15.58844519400367
ROSAT      
1 20638U 90 49  A 93 46.09854714  .00001792  00000-0  14148-3 0  7674
2 20638  52.9904  19.9230 0012945  37.0623 323.1432 15.05798911148665
Meteor 2-19
1 20670U 90 57  A 93 42.99068402  .00000098  00000-0  82584-4 0  5457
2 20670  82.5431 237.8100 0017147  82.1184 278.1922 13.84160808132809
CRRES      
1 20712U 90 65  A 93 47.44013973  .00001090  00000-0  12642-2 0  2378
2 20712  18.1509  24.2369 7195008 186.5364 152.7424  2.34454014 14475
GPS BII-08 
1 20724U 90 68  A 93 45.46920980  .00000015  00000-0  99999-4 0  4166
2 20724  54.6908 157.4850 0104495 147.0422 213.6107  2.00563495 18566
Feng Yun1-2
1 20788U 90 81  A 93 42.94958910  .00000021  00000-0  25449-4 0  5151
2 20788  98.8754  72.8206 0013122 296.3149  63.6675 14.01271376125043
Meteor 2-20
1 20826U 90 86  A 93 42.84921834  .00000103  00000-0  87744-4 0  5453
2 20826  82.5257 176.0949 0013453 347.7867  12.2964 13.83532804119959
GPS BII-09 
1 20830U 90 88  A 93 43.02846083  .00000004  00000-0  99999-4 0  4648
2 20830  55.1949  99.9027 0067462 108.3478 252.5051  2.00570445 17599
GPS BII-10 
1 20959U 90103  A 93 45.42456431  .00000015  00000-0  99999-4 0  3616
2 20959  54.9077 159.2705 0067756 218.4101 141.0946  2.00559819 16232
DMSP B5D2-5
1 20978U 90105  A 93 47.58722301  .00000376  00000-0  15051-3 0  9364
2 20978  98.7528 103.5467 0079949 151.1611 209.4022 14.32152205115592
Glonass 47 
1 21006U 90110  A 93 47.50166781  .00000017  00000-0  00000+0 0  1312
2 21006  64.8718 125.6936 0061251 186.7796 173.1807  2.13102236 17090
Glonass 48 
1 21007U 90110  B 93 47.21477207  .00000016  00000-0  00000+0 0  1330
2 21007  64.8939 125.7530 0037911 180.1362 179.9055  2.13100709 17081
Glonass 49 
1 21008U 90110  C 93 47.56849929  .00000017  00000-0  00000+0 0  1334
2 21008  64.8728 125.7073 0010202 283.8196  76.1110  2.13099668 17092
INFORMTR-1 
1 21087U 91  6  A 93 47.28330620  .00000101  00000-0  99999-4 0  7002
2 21087  82.9448 142.3058 0035861   0.8309 359.2879 13.74509294102832
Cosmos 2123
1 21089U 91  7  A 93 43.01588136  .00000085  00000-0  83733-4 0  3937
2 21089  82.9213  14.9359 0030957  33.2578 327.0513 13.74014278101336
MOP-2      
1 21140U 91 15  B 93 44.42975693 -.00000036  00000-0  99999-4 0  3587
2 21140   0.1854  43.3194 0001474 237.6298  10.3209  1.00262752  2096
Nadezhda 3 
1 21152U 91 19  A 93 47.24727768  .00000075  00000-0  73476-4 0  4557
2 21152  82.9269 327.1169 0042173 125.8353 234.6733 13.73470508 23766
Glonass 50 
1 21216U 91 25  A 93 43.29675540 -.00000022  00000-0  99999-4 0   249
2 21216  65.0497   5.5847 0007540 134.9495 224.8827  2.13103153 14507
Glonass 51 
1 21217U 91 25  B 93 47.11270289 -.00000022  00000-0  00000+0 0   820
2 21217  65.0523   5.4605 0013578 242.9983 116.8701  2.13101657 14585
Glonass 52 
1 21218U 91 25  C 93 42.06723664 -.00000022  00000-0  99999-4 0  9166
2 21218  65.0366   5.6236 0009108 300.4176  59.4862  2.13102630 14471
GRO        
1 21225U 91 27  B 93 47.45204004  .00032945  00000-0  27575-3 0  8196
2 21225  28.4637  94.9946 0004967 198.9003 161.1423 15.68471093106235
Meteor 3-4 
1 21232U 91 30  A 93 47.31150673  .00000043  00000-0  99999-4 0  3497
2 21232  82.5471 153.2127 0018161 334.4273  25.5954 13.16819124 87419
NOAA 12    
1 21263U 91 32  A 93 47.02237218  .00000216  00000-0  11438-3 0  5026
2 21263  98.6708  79.2140 0012560 201.9313 158.1322 14.22200148 91422
OKEAN 3    
1 21397U 91 39  A 93 43.02966092  .00000650  00000-0  92866-4 0  7160
2 21397  82.5248 190.2604 0024441  58.1051 302.2533 14.75797323 91208
GPS BII-11 
1 21552U 91 47  A 93 43.69762282  .00000003  00000-0  99999-4 0  3162
2 21552  55.4948  97.2830 0047628 229.0633 130.5830  2.00560620 11792
ERS-1      
1 21574U 91 50  A 93 47.34637856  .00000249  00000-0  99621-4 0  7139
2 21574  98.5466 123.8550 0001431  91.0611 269.0731 14.32247100 83115
UO-22      
1 21575U 91 50  B 93 40.24894820  .00000225  00000-0  83183-4 0  2436
2 21575  98.4864 118.3602 0007834 324.9777  35.0893 14.36774641 82295
ORBCOMM-X  
1 21576U 91 50  C 93 39.06811851  .00000248  00000-0  92040-4 0  3548
2 21576  98.4880 116.5576 0003940 337.7534  22.3486 14.36137419 82081
TUBSAT     
1 21577U 91 50  D 93 42.69934197  .00000195  00000-0  73839-4 0  2434
2 21577  98.4879 120.4439 0006459 317.4088  42.6602 14.36337467 82629
SARA       
1 21578U 91 50  E 93 46.08354844  .00000539  00000-0  19097-3 0  4065
2 21578  98.4893 124.9416 0004521 314.4285  45.6593 14.38227185 83174
TDRS 4     
1 21639U 91 54  B 93 46.55971010  .00000108  00000-0  00000+0 0  3330
2 21639   0.0479 264.2773 0003045 114.9029 153.4575  1.00269331  3741
Meteor 3-5 
1 21655U 91 56  A 93 47.08688452  .00000043  00000-0  99999-4 0  3994
2 21655  82.5547 100.0577 0013039 338.0389  22.0180 13.16816679 72484
UARS       
1 21701U 91 63  B 93 19.26540755 -.00000453  00000-0 -28981-4 0  2388
2 21701  56.9836  58.3952 0004452  75.0880 285.0579 14.96563693 74004
DMSP B5D2-6
1 21798U 91 82  A 93 48.00014119  .00000241  00000-0  14750-3 0  4270
2 21798  98.9500  47.9871 0013825  72.4646 287.7983 14.13602622 63060
Glonass 53 
1 21853U 92  5  A 93 47.44283961  .00000016  00000-0  00000+0 0  4941
2 21853  64.8148 125.4489 0007326 193.3981 166.6252  2.13102071  8190
Glonass 54 
1 21854U 92  5  B 93 47.26691178  .00000016  00000-0  00000+0 0  4552
2 21854  64.8227 125.4400 0016155  12.3348 347.7442  2.13102418  8186
Glonass 55 
1 21855U 92  5  C 93 47.32615223  .00000016  00000-0  00000+0 0  4490
2 21855  64.8232 125.4435 0007714 211.5339 148.4632  2.13101815  8171
JERS-1     
1 21867U 92  7  A 93 47.48559336  .00002027  00000-0  17354-3 0  6821
2 21867  97.6835 125.5863 0001391 108.5915 251.5290 14.98648046 55630
GPS BII-12 
1 21890U 92  9  A 93 42.66807439 -.00000011  00000-0  99999-4 0  2143
2 21890  54.4530 276.9319 0057768 148.5707 211.8273  2.00553329  7140
GPS BII-13 
1 21930U 92 19  A 93 38.38604985 -.00000022  00000-0  99999-4 0  2045
2 21930  55.3349  37.7178 0068963 163.3932 196.8611  2.00560621  5984
EUVE       
1 21987U 92 31  A 93 31.73297991  .00002606  00000-0  12055-3 0   828
2 21987  28.4369 174.2560 0009898 270.6637  89.2835 15.16415029 36144
SAMPEX     
1 22012U 92 38  A 93 44.24540095  .00003511  00000-0  31192-3 0  1449
2 22012  81.6785 326.3016 0120829 193.2916 166.5111 14.90369227 33446
GPS BII-14 
1 22014U 92 39  A 93 44.40492607  .00000011  00000-0  99999-4 0  1065
2 22014  54.9921 217.2297 0080376 282.9048  76.2088  2.00559492  4436
Glonass 56 
1 22056U 92 47  A 93 47.22744602 -.00000022  00000-0  00000+0 0  2691
2 22056  64.8867   5.7469 0007607 279.3307  80.5773  2.13102801  4257
Glonass 57 
1 22057U 92 47  B 93 47.34459848 -.00000022  00000-0  00000+0 0  2713
2 22057  64.8944   5.7365 0006886 282.4644  77.4506  2.13103001  4258
Glonass 58 
1 22058U 92 47  C 93 47.05127613 -.00000022  00000-0  00000+0 0  2703
2 22058  64.8965   5.7714 0014832 299.4415  60.4042  2.13102837  4280
EURECA-1   
1 22065U 92 49  B 93 27.63853630  .00004672  00000-0  18315-3 0   850
2 22065  28.4558 215.2737 0002987 334.9771  25.0671 15.23255554 27463
TOPEX      
1 22076U 92 52  A 93 46.93879453 -.00000001  00000-0  99999-4 0  1796
2 22076  66.0369 220.9885 0007481 271.1611  88.8539 12.80930744 24210
KITSAT-A   
1 22077U 92 52  B 93 41.54059394 -.00000000  00000-0  99999-4 0   904
2 22077  66.0811 229.3542 0011044 218.6354 141.3875 12.86276954 23552
S80/T      
1 22078U 92 52  C 93 43.91035704  .00000000  00000-0  99999-4 0   894
2 22078  66.0828 224.2026 0011705 210.8307 149.2025 12.86557499 23918
TOPEX R/B  
1 22079U 92 52  D 93 37.60959589 -.00000002  00000-0  99999-4 0  1030
2 22079  66.0478 243.1446 0062162  62.0058 298.7225 12.77668997 23030
GPS BII-15 
1 22108U 92 58  A 93 40.88273891 -.00000011  00000-0  99999-4 0  1140
2 22108  54.6700 277.5876 0102649 122.7334 238.3221  2.00560013  3059
FREJA      
1 22161U 92 64  A 93 47.10524205  .00000267  00000-0  17559-3 0  1071
2 22161  62.9995  81.8340 0769868 272.0674  79.2445 13.21576743 17558
LAGEOS II  
1 22195U 92 70  B 93 47.04796834 -.00000004  00000-0  99999-4 0   389
2 22195  52.6684  40.9218 0137394 265.0041  93.4822  6.47293960  7473
GPS BII-16 
1 22231U 92 79  A 93 40.57268866  .00000010  00000-0  99999-4 0   363
2 22231  54.8083 218.6759 0039885 299.7948  59.7907  2.00556797  1626
GPS BII-17 
1 22275U 92 89  A 93 37.71362322  .00000011  00000-0  99999-4 0   165
2 22275  54.7396 216.3573 0054045 259.2098 100.1129  2.00564739   970
TDRS 5     
1 22314U 93  3  B 93 46.56942325  .00000156  00000-0  99999-4 0   166
2 22314   0.0727 348.0028 0001945 289.0223 283.2496  1.00272570   334
Cosmos 2231
1 22317U 93  4  A 93 48.04489672  .00767479  28421-4  23669-3 0   581
2 22317  67.1215 231.7276 0106970  96.0680 265.3709 16.13232280  4575
Soyuz TM-16
1 22319U 93  5  A 93 47.84359940 -.00036153  00000-0 -45914-3 0   266
2 22319  51.6225 103.7866 0002505  37.2524 322.8601 15.58843546400360
Cosmos 2232
1 22321U 93  6  A 93 47.61786409 -.00001042  00000-0  24362-2 0   260
2 22321  62.7522 311.4831 7368287 316.3116   5.3620  2.00674352   431
1993 006B  
1 22322U 93  6  B 93 47.61487492  .00370572  10221-4  62179-3 0   446
2 22322  62.7946 236.5437 0202924 119.8282 242.4884 15.74578990  3287
1993 006C  
1 22323U 93  6  C 93 45.32650040  .14196669  42528-4  28762-3 0   616
2 22323  62.8148 242.9368 0046895 114.5237 246.6095 16.40784148  2964
1993 006D  
1 22324U 93  6  D 93 47.82194478 -.00000555  00000-0  99999-4 0   140
2 22324  62.7723 311.3391 7341964 316.2566   5.1424  2.03735574   446
GPS BII-18 
1 22446U 93  7  A 93 47.26743718 -.00000032  00000-0  99999-4 0   163
2 22446  54.8506 337.1100 0065011 329.5938  30.0276  2.00576471   195
1993 007B  
1 22447U 93  7  B 93 44.98448116  .00001562  00000-0  15002-3 0    74
2 22447  20.8643 256.8457 0118276 307.2499  51.7428 14.75645236  1607
1993 007C  
1 22448U 93  7  C 93 47.79253903  .00077850  14473-4  17358-2 0   245
2 22448  34.7997 321.4941 6044881 206.8680 101.6822  4.06018428   560
1993 008A  
1 22487U 93  8  A 93 45.78475870  .00000150  00000-0  14395-3 0    93
2 22487  82.9442 207.3507 0036912 274.0066  85.6871 13.75050482   789
1993 008B  
1 22488U 93  8  B 93 42.94370056  .00000088  00000-0  83352-4 0    77
2 22488  82.9428 209.4547 0029745 278.4545  81.3239 13.76642478   398
1993 009A  
1 22489U 93  9  A 93 44.12525852 -.00000234  00000-0 -99704-4 0   126
2 22489  24.9660 164.5819 0044621  17.4207 342.7748 14.39833748   517
1993 009B  
1 22490U 93  9  B 93 46.41032422  .00000361  00000-0  83373-4 0    76
2 22490  24.9701 150.5812 0045782  37.5328 322.8359 14.40398191   842
1993 009C  
1 22491U 93  9  C 93 48.26422892  .00000700  00000-0  14739-3 0    61
2 22491  24.9760 138.9600 0056022  45.0803 315.4368 14.43556192  1113
